SCMBranch=Formulary Phase 2
SCMRepository=Atlas/.net Framework/BenefitPlanWebApi/Scripts
SCMMainlineUUID={5a1b102f-7970-442c-99a1-a301f2674cab}
SCMBranchRepositoryID=796818
_references.js;1009851736;1;1492524454;|247010|478101
ai.0.22.9-build00167.js;4050016028;1;1492524454;|247011|478102
ai.0.22.9-build00167.min.js;3323906232;1;1492524454;|247012|478103
bootstrap.js;1240533180;1;1492524454;|247013|478104
bootstrap.min.js;1952254137;1;1492524454;|247014|478105
jquery-1.10.2.intellisense.js;97830295;1;1492524454;|247015|478106
jquery-1.10.2.js;1512026786;1;1492524454;|247016|478107
jquery-1.10.2.min.js;3985148730;1;1492524454;|247017|478108
jquery-1.10.2.min.map;3058203718;1;1492524454;|247018|478109
modernizr-2.6.2.js;3373835297;1;1492524454;|247019|478110
respond.js;2936437386;1;1492524454;|247020|478111
respond.min.js;1345534294;1;1492524454;|247021|478112
