SCMBranch=Formulary Phase 2
SCMRepository=Atlas/.net Framework/FormularyWebApi/Properties/PublishProfiles
SCMMainlineUUID={5a1b102f-7970-442c-99a1-a301f2674cab}
SCMBranchRepositoryID=796759
Dev.pubxml;2057305452;1;1492524688;|248576|479667
Dev.pubxml.user;2853368203;1;1492524688;|248577|479668
QA.pubxml;810606325;1;1492524688;|248578|479669
DevP2.pubxml;2254986679;1;1494336267;|347989|609255
QAP2.pubxml;2765271892;1;1495464186;|348221|610580
QA.pubxml.user;3375027104;1;1498049176;|248579|479670
DevP2.pubxml.user;2911900607;1;1499709488;|347990|609256
QAP2.pubxml.user;4053470253;1;1499709488;|348222|610581
