SCMBranch=Formulary Phase 2
SCMRepository=Atlas/.net Framework/BenefitPlanWebApi
SCMMainlineUUID={5a1b102f-7970-442c-99a1-a301f2674cab}
SCMBranchRepositoryID=796812
ApplicationInsights.config;2712251501;1;1492524448;|246813|477904
BenefitPlanWebApi.csproj;2741610467;1;1492524448;|246814|546558
BenefitPlanWebApi.csproj.user;3977259518;1;1492524448;|246815|477906
favicon.ico;732478157;1;1492524448;|246824|477915
Global.asax;1618355806;1;1492524448;|246816|477907
Global.asax.cs;3063921944;1;1492524449;|246817|477908
NLog.config;3170080019;1;1492524449;|246818|477909
NLog.xsd;1674269268;1;1492524449;|246819|477910
packages.config;4231798601;1;1492524449;|246825|477916
Project_Readme.html;2446028677;1;1492524449;|246820|477911
Web.config;1151231746;1;1492524449;|246823|477914
Web.Debug.config;1976359892;1;1492524449;|246821|477912
Web.Release.config;814833980;1;1492524449;|246822|477913
