SCMBranch=Formulary Phase 2
SCMRepository=Atlas/.net Framework/src/Atlas.Formulary.DAL/Repositories/Interfaces
SCMMainlineUUID={5a1b102f-7970-442c-99a1-a301f2674cab}
SCMBranchRepositoryID=796675
IAtlasFormularyStoredProcsRepository.cs;4136530302;1;1492524720;|249523|480614
IDashboardRepository.cs;2071987499;1;1492524720;|249525|480616
IDrugCategoryRepository.cs;3479251239;1;1492524720;|249526|480617
IDrugListRepository.cs;3097687269;1;1492524720;|249527|480618
IDrugSourceFileHistoryRepository.cs;1537868761;1;1492524720;|249530|480621
IDrugThrputClsTypeRepository.cs;1376491894;1;1492524720;|249531|480622
IImportRepository.cs;1152457985;1;1492524720;|249537|480628
IJobQueueRepository.cs;989228051;1;1492524720;|249538|480629
ILOBRepository.cs;405686330;1;1492524720;|249539|480630
IUserGroupRepository.cs;3022095697;1;1492524720;|249543|480634
ICustomNdcRepository.cs;901570771;2;1493914363;|249524|609016
IFormularyCompareRepository.cs;2792906487;1;1494336269;|347986|609250
IFormularyRepository.cs;1454602075;2;1494688726;|249534|609725
IFormularyReviewRepository.cs;223226633;3;1494933613;|249535|609867
INewDrugsToMarketRepository.cs;3537288616;3;1494948550;|249542|610033
IFormularyExportRepository.cs;318878074;2;1495193161;|249533|610234
INDCRepository.cs;1612850203;2;1495193161;|249541|610172
IFormularyTierRepository.cs;4140612968;2;1495638781;|249536|610585
IFormularySummaryRepository.cs;3345651755;23;1497888674;|348101|668325
IFDBDrugSearchRepository.cs;2138053019;1;1498042878;|249532|480623
IMedispanDrugSearchRepository.cs;210922910;2;1498042878;|249540|667263
IDrugRefDbRepository.cs;1659538656;2;1497976622;|249528|668623
IDrugRefDbValQulfrTypeRepository.cs;2667294451;1;1497979231;|404015|4294967295
IJobStatTypeRepository.cs;3470798746;1;1498657441;|404066|4294967295
IJobTypeRepository.cs;108265862;1;1498665006;|404067|4294967295
IDrugSearchRepository.cs;395731366;13;1499709489;|249529|669601
IProgramRepository.cs;1484335077;11;1499771175;|403999|669960
