SCMBranch=Formulary Phase 2
SCMRepository=Atlas/.net Framework/BenefitPlanCompare/BenefitPlanCompare
SCMMainlineUUID={5a1b102f-7970-442c-99a1-a301f2674cab}
SCMBranchRepositoryID=796859
BenefitPlanCompare.csproj;2306482144;1;1492524446;|280974|544351
BenefitPlanCompare.csproj.user;2795740724;1;1492524446;|280975|535492
favicon.ico;732478157;1;1492524446;|280982|534648
Global.asax;2043402911;1;1492524446;|280976|534642
Global.asax.cs;1678414002;1;1492524446;|280977|534643
packages.config;801888045;1;1492524446;|280983|534649
Project_Readme.html;308380916;1;1492524446;|280978|534644
Web.config;1691459621;1;1492524446;|280981|534647
Web.Debug.config;1976359892;1;1492524446;|280979|534645
Web.Release.config;814833980;1;1492524446;|280980|534646
