SCMBranch=Formulary Phase 2
SCMRepository=Atlas/.net Framework/src/Atlas.Formulary.DAL/Repositories
SCMMainlineUUID={5a1b102f-7970-442c-99a1-a301f2674cab}
SCMBranchRepositoryID=796674
AtlasFormularyStoredProcsRepository.cs;3355157564;1;1492524719;|249487|480578
DashboardRepository.cs;52786542;1;1492524719;|249489|480580
DrugCategoryRepository.cs;2143272454;1;1492524719;|249490|512448
DrugListRepository.cs;1500627280;1;1492524719;|249491|480582
DrugSourceFileHistoryRepository.cs;4077772852;1;1492524719;|249494|480585
DrugThrputClsTypeRepository.cs;3541497897;1;1492524719;|249495|534102
DrugTierCriteriaGroup.cs;257104229;1;1492524719;|249496|480587
DrugTierCriteriaGroupRepository.cs;3708496594;1;1492524719;|249497|480588
EFFormularyRepositoryBase.cs;615508333;1;1492524719;|249498|480589
EFReferenceRepositoryBase.cs;632104292;1;1492524719;|249499|480590
IBulkRepository.cs;787029138;1;1492524719;|249505|480596
IDrugClassRepository.cs;3077038133;1;1492524719;|249506|480597
IDrugSearchRepository.cs;2725445637;1;1492524719;|249507|480598
IDrugTierAccumulatorRepository.cs;1407048673;1;1492524719;|249508|480599
IDrugTierCriteriaGroup.cs;3448732608;1;1492524719;|249509|480600
IDrugTierCriteriaGroupRepository.cs;1148852363;1;1492524719;|249510|480601
IDrugTierPriorAuthorizationRepository.cs;1684056161;1;1492524719;|249511|480602
IDrugTierRepository.cs;3774519051;1;1492524720;|249512|480603
IDrugTierStepTherapyProgramRepository.cs;2519111031;1;1492524720;|249513|480604
IFormularyRepository.cs;3791241741;1;1492524720;|249514|480605
ImportRepository.cs;1011373355;1;1492524720;|249516|480607
IRepository.cs;969656546;1;1492524720;|249515|480606
JobQueueRepository.cs;3079996156;1;1492524720;|249517|480608
LOBRepository.cs;1869257438;1;1492524720;|249518|534106
UserGroupRepository.cs;3196178011;1;1492524720;|249522|480613
FormularyCompareRepository.cs;3079645887;1;1494336269;|347987|609251
FormularyRepository.cs;3781705360;2;1494688726;|249502|609724
FormularyReviewRepository.cs;2525873770;3;1494933613;|249503|609866
NewDrugsToMarketRepository.cs;57098986;3;1494948550;|249521|610034
FormularyExportRepository.cs;3094269185;2;1495193161;|249501|610233
NDCRepository.cs;326746289;2;1495193161;|249520|610173
FormularyTierRepository.cs;896509559;2;1495638781;|249504|610584
FormularySummaryRepository.cs;812426520;25;1497888674;|348100|668324
CustomNdcRepository.cs;1363765750;2;1497964797;|249488|609015
FDBDrugSearchRepository.cs;2444155531;1;1498042878;|249500|480591
MedispanDrugSearchRepository.cs;2502083778;1;1498042878;|249519|527313
DrugRefDbRepository.cs;763233690;2;1497976646;|249492|668622
JobStatTypeRepository.cs;2241785934;1;1498665172;|404068|4294967295
JobTypeRepository.cs;944420059;1;1498665169;|404069|4294967295
DrugRefDbValQulfrTypeRepository.cs;1042296061;2;1498665166;|404014|669092
DrugSearchRepository.cs;4057531675;13;1499709489;|249493|669600
ProgramRepository.cs;434743383;11;1499771175;|404000|669961
