SCMBranch=Formulary Phase 2
SCMRepository=Atlas/.net Framework/src/Atlas.BenefitPlan.DAL/Models
SCMMainlineUUID={5a1b102f-7970-442c-99a1-a301f2674cab}
SCMBranchRepositoryID=796731
AccessCtl.cs;2758711899;1;1492524692;|248669|479760
Acct.cs;1669256833;1;1492524692;|248670|479761
AcctAddr.cs;2227310720;1;1492524692;|248671|479762
AcctPayerID.cs;3049912962;1;1492524692;|248673|479764
AcctPCN.cs;2246884122;1;1492524692;|248672|479763
AcctRXBIN.cs;4105891694;1;1492524692;|248674|479765
Addr.cs;894396132;1;1492524692;|248675|479766
AlwdPrescribersDtl.cs;4203425496;1;1492524692;|248676|479767
AlwdPrescribersList.cs;996366700;1;1492524692;|248677|479768
BenefitPlan.Context.cs;444509964;1;1492524692;|248678|546257
BenefitPlan.Context.tt;2305313123;1;1492524692;|248679|479770
BenefitPlan.cs;1557357056;1;1492524692;|248681|479772
BenefitPlan.Designer.cs;450472758;1;1492524692;|248680|546258
BenefitPlan.edmx;487748341;1;1492524692;|248682|546259
BenefitPlan.edmx.diagram;1574073379;1;1492524692;|248683|546260
BenefitPlan.tt;2686532366;1;1492524692;|248684|479775
BenefitPlanContextPartial.cs;2410726;1;1492524692;|248685|479776
Bnft.cs;3872705791;1;1492524692;|248686|479777
BnftConfgPrpty.cs;3952138882;1;1492524692;|248687|479778
BnftCrtriaSet.cs;451973114;1;1492524692;|248688|479779
BnftPlan.cs;1279042036;1;1492524692;|248689|546261
BnftPlanAccessCtl.cs;3364743320;1;1492524692;|248690|479781
BnftPlanBnft.cs;3213952131;1;1492524692;|248691|479782
BnftPlanBnftCvrgSetNtwrkTier.cs;2322658608;1;1492524692;|248692|479783
BnftPlanConfgPrpty.cs;2113462981;1;1492524692;|248693|479784
BnftPlanConfgPrptyCrtriaSet.cs;3835971685;1;1492524692;|248694|479785
BnftPlanPharmType.cs;567598388;1;1492524692;|248695|479786
BnftPlanPharmTypeDaySupl.cs;65203955;1;1492524692;|248696|479787
BnftPlanSizeClsfcnType.cs;3764655911;1;1492524692;|248697|479788
BnftPlanType.cs;3965731131;1;1492524692;|248698|479789
BnftPlanWvrRider.cs;1417487325;1;1492524692;|248699|479790
BnftStat.cs;221669845;1;1492524693;|248700|479791
BnftSvcType.cs;121669595;1;1492524693;|248701|479792
CmmctnUsageType.cs;3011015713;1;1492524693;|248703|479794
CMSBnftStructType.cs;2458497283;1;1492524693;|248702|479793
Cntct.cs;1994032287;1;1492524693;|248704|479795
CntctAcct.cs;3752081419;1;1492524693;|248705|479796
CntctElctrncAddr.cs;2950994057;1;1492524693;|248706|479797
CntctGrp.cs;139208668;1;1492524693;|248707|479798
CntctPopGrp.cs;3855936413;1;1492524693;|248708|479799
CntctPstlAddr.cs;670782943;1;1492524693;|248709|479800
CntctRespType.cs;3263499366;1;1492524693;|248710|479801
CntctTelNbr.cs;707849190;1;1492524693;|248711|479802
CntctTenant.cs;1222415392;1;1492524693;|248712|479803
CntctTenantFam.cs;1285685354;1;1492524693;|248713|479804
CntctType.cs;2254976923;1;1492524693;|248714|479805
CntyPstlCode.cs;143245133;1;1492524693;|248715|479806
ConfgPrptyCatgType.cs;2031940765;1;1492524693;|248716|479807
ConfgPrptyOpt.cs;1705654342;1;1492524693;|248717|479808
ConfgPrptyType.cs;2227308195;1;1492524693;|248718|479809
CopayCoinsuranceLogicType.cs;1687470216;1;1492524693;|248719|479810
CopayDist.cs;3739479643;1;1492524693;|248720|508458
CopayFuncType.cs;854963487;1;1492524693;|248721|479812
CopayOvrrd.cs;682446050;1;1492524693;|248722|479813
CopayOvrrdQulfrType.cs;1017998354;1;1492524693;|248723|479814
CopaySetup.cs;3429767255;1;1492524693;|248724|479815
CostBasisType.cs;469171252;1;1492524693;|248725|479816
CrtriaCondType.cs;3414609693;1;1492524693;|248726|479817
CrtriaDtl.cs;310911383;1;1492524693;|248727|546262
CrtriaOperType.cs;3663600997;1;1492524693;|248728|479819
CrtriaSet.cs;3879028470;1;1492524693;|248729|479820
CrtriaSetType.cs;846731548;1;1492524693;|248730|479821
CvrgPhase.cs;3764712370;1;1492524693;|248731|479822
CvrgPhaseType.cs;1095425339;1;1492524693;|248732|479823
CvrgSet.cs;2365744324;1;1492524693;|248733|479824
CvrgSetCrtriaSet.cs;2702320372;1;1492524693;|248734|479825
CvrgSetThreshold.cs;3892730532;1;1492524693;|248735|479826
DataCompareDtl.cs;2276926997;1;1492524693;|288812|546265
DataCompareHdr.cs;3241168046;1;1492524693;|288813|546266
DataCompareMsg.cs;4248064950;1;1492524693;|288814|546267
DAWCopay.cs;160769200;1;1492524693;|248736|479827
DAWType.cs;3992308632;1;1492524693;|248737|479828
DaySuplType.cs;3105683616;1;1492524693;|248738|508457
Deducbl.cs;2620329448;1;1492524693;|248739|518163
DeducblEpsd.cs;2259717683;1;1492524693;|278051|518168
DeducblExcl.cs;824303430;1;1492524693;|248740|479831
DeducblExclQulfrType.cs;1877407761;1;1492524693;|248741|479832
DeducblScopeType.cs;3435555776;1;1492524693;|248742|479833
DeducblType.cs;1785476156;1;1492524693;|248743|518162
DrugBrandType.cs;2931901841;1;1492524693;|248744|479835
DrugClsType.cs;3313461732;1;1492524693;|248745|479836
DrugRefDb.cs;3764649583;1;1492524693;|248746|479837
EarlyRefillExcp.cs;3888574096;1;1492524693;|248747|479838
EarlyRefillExcpQulfrType.cs;3875819741;1;1492524694;|248748|479839
FillExcp.cs;3487526875;1;1492524694;|248750|479841
FillExcpChngQulfrType.cs;2492611002;1;1492524694;|248751|479842
FIPSCntyCode.cs;231601069;1;1492524694;|248749|479840
FreqQulfrType.cs;2045877621;1;1492524694;|248752|518161
Frmlry.cs;2596389688;1;1492524694;|248753|521334
FrmlryTier.cs;3717780674;1;1492524694;|248754|521335
FrmlryTierName.cs;17255978;1;1492524694;|278135|521339
Grp.cs;203876611;1;1492524694;|248755|479846
GrpAddr.cs;3658057867;1;1492524694;|248756|479847
HealthcareFinclAcctType.cs;585587505;1;1492524694;|248757|479848
ISOCntryCode.cs;908736985;1;1492524694;|248758|479849
LICSSetup.cs;470042606;1;1492524694;|248759|528625
LICSType.cs;2147339303;1;1492524694;|248760|508455
ListCrosswalk.cs;263776908;1;1492524694;|288815|546268
ListDtl.cs;4280805560;1;1492524694;|288816|546269
ListMstr.cs;1072583502;1;1492524694;|288817|546270
ListSrc.cs;2616530304;1;1492524694;|288818|546271
ListType.cs;955650343;1;1492524694;|288819|546272
LOB.cs;865647888;1;1492524694;|248761|479852
MACList.cs;2072683397;1;1492524694;|248762|479853
Ntwrk.cs;3479275452;1;1492524694;|248763|479854
NtwrkBnftPlanType.cs;1742595614;1;1492524694;|248764|479855
NtwrkNtwrkTier.cs;1481269116;1;1492524694;|248765|479856
NtwrkTier.cs;1335868662;1;1492524694;|248766|479857
NtwrkTierType.cs;2952303107;1;1492524694;|248767|479858
PayerID.cs;1271856237;1;1492524694;|248773|479864
PBP.cs;222665997;1;1492524694;|248768|479859
PBPBnftPlan.cs;1826696933;1;1492524694;|248769|479860
PBPBnftPlanConfgPrpty.cs;1121540357;1;1492524694;|248770|479861
PBPConfgPrpty.cs;2985870994;1;1492524694;|248771|479862
PCN.cs;565931281;1;1492524694;|248772|479863
PharmType.cs;2026774650;1;1492524694;|248774|528626
PlanCapLim.cs;2814557611;1;1492524694;|248775|479866
PlanCapLimPerQulfrType.cs;3315224234;1;1492524694;|248776|479867
PlanCapLimQulfrType.cs;4075450486;1;1492524694;|248777|479868
PlanClsfcnType.cs;3831669597;1;1492524694;|248778|479869
PlanPrcg.cs;207231259;1;1492524694;|248779|479870
PopGrp.cs;3897588738;1;1492524694;|248780|479871
PopGrpAddr.cs;2261339542;1;1492524694;|248781|479872
PopGrpBnftPlan.cs;2840773188;1;1492524694;|248782|515344
PopGrpBnftPlanConfgPrpty.cs;1805139595;1;1492524695;|248783|479874
PopGrpBnftPlanPkgConfgPrpty.cs;1776141673;1;1492524695;|248784|479875
PopGrpPBP.cs;2637666242;1;1492524695;|248785|546263
PopGrpPBPHealthcareFinclAcct.cs;210664102;1;1492524695;|248786|479877
PopGrpPBPStat.cs;4212080212;1;1492524695;|248787|479878
PrdctType.cs;3469886883;1;1492524695;|248788|479879
Prescbr.cs;1336900753;1;1492524695;|248789|479880
PrescbrDrugOvrrdDtl.cs;2407946545;1;1492524695;|248790|479881
PrescbrDrugOvrrdList.cs;280386570;1;1492524695;|248791|479882
PstlCode.cs;1646259129;1;1492524695;|248792|479883
PymtPrfl.cs;2483152909;1;1492524695;|248793|479884
PymtPrflDtl.cs;735686350;1;1492524695;|248794|528627
RXBIN.cs;4214103005;1;1492524695;|248795|479886
RxPrcgType.cs;528581130;1;1492524695;|248796|479887
spAccountTenantIndustryIdentifier_Result.cs;3229757212;1;1492524695;|248820|479911
spBenefitDefinitionSearch_Result.cs;768510153;1;1492524695;|248821|530888
spBenefitPlanSearch_Result.cs;4136747165;1;1492524695;|248822|479913
spBenefitPlanSearchByText_Result.cs;629288788;1;1492524695;|276862|511433
spGetPopulationGroupPBPList_Result.cs;316371347;1;1492524695;|277033|512728
spPlanBenefitPackageSearch_Result.cs;2238690563;1;1492524695;|248823|479914
spPlanBenefitPackageSearchByText_Result.cs;1747986266;1;1492524695;|276863|511434
spPopGrpBnftPkgWorkflow_Result.cs;1800588866;1;1492524695;|248824|479915
spSvcAreaHierarchyGetBySvcAreaSK_Result.cs;540477903;1;1492524695;|248825|479916
spTenantTenantIndustryIdentifier_Result.cs;2038279677;1;1492524695;|248826|479917
spViewExistingBenefits_Result.cs;3968280885;1;1492524695;|278048|517910
spViewExistingBenefitsWithRules_Result.cs;2007909795;1;1492524695;|277034|512729
StatNote.cs;1056950630;1;1492524695;|248798|479889
StatType.cs;1371077849;1;1492524695;|248799|479890
StPrvncCode.cs;1675338240;1;1492524695;|248797|479888
SvcArea.cs;1147750065;1;1492524695;|248800|479891
SvcAreaCntryCode.cs;1020878212;1;1492524695;|248801|479892
SvcAreaCntyCode.cs;1973875754;1;1492524696;|248802|479893
SvcAreaPstlCode.cs;301459979;1;1492524696;|248803|479894
SvcAreaStPrvncCode.cs;1100826692;1;1492524696;|248804|479895
SvcType.cs;1566844583;1;1492524696;|248805|479896
Tenant.cs;1023766951;1;1492524696;|248806|479897
TenantAddr.cs;1428995921;1;1492524696;|248807|479898
TenantFam.cs;1933749591;1;1492524696;|248808|479899
TenantFamAddr.cs;579587441;1;1492524696;|248809|479900
TenantHierarchySearch_Result.cs;538206781;1;1492524696;|248810|479901
TenantPayerID.cs;723698340;1;1492524696;|248812|479903
TenantPCN.cs;3546959770;1;1492524696;|248811|479902
TenantRXBIN.cs;1207904855;1;1492524696;|248813|479904
TenantTaxnmy.cs;1181505783;1;1492524696;|288820|546273
Threshold.cs;271581395;1;1492524696;|248814|479905
ThresholdQulfrType.cs;4158953777;1;1492524696;|248815|479906
UserGrp.cs;837773359;1;1492524696;|248816|479907
UserGrpType.cs;76602810;1;1492524696;|248817|479908
ValQulfrType.cs;3394599798;1;1492524696;|248818|546264
vwCurrentPopGrpPBPStat.cs;3973187700;1;1492524696;|248827|508915
WvrRiderType.cs;73139890;1;1492524696;|248819|479910
