SCMBranch=Formulary Phase 2
SCMRepository=Atlas/.net Framework/FormularyWebApi
SCMMainlineUUID={5a1b102f-7970-442c-99a1-a301f2674cab}
SCMBranchRepositoryID=796748
ApplicationInsights.config;2681655415;1;1492524683;|248389|479480
AtlasWebApi.csproj;1664367982;1;1492524683;|248391|521843
AtlasWebApi.csproj.bak;3957991132;1;1492524683;|248392|479483
AtlasWebAPI.csproj.user;4140619185;1;1492524683;|248390|479481
AtlasWebApi.csproj.vspscc;4251315233;1;1492524683;|248393|479484
Bootstrapper.cs;2925959342;1;1492524683;|248394|479485
DoWork.cs;4225376018;1;1492524683;|248395|479486
favicon.ico;732478157;1;1492524683;|248410|479501
FormularyWebApi.csproj.bak;196180718;1;1492524683;|248397|479488
Global.asax;3852925447;1;1492524683;|248399|479490
IDoWork.cs;3810235163;1;1492524683;|248401|479492
log4Net.config;507017564;1;1492524683;|248411|479502
NLog.config;2509120028;1;1492524683;|248402|479493
NLog.xsd;1674269268;1;1492524683;|248403|479494
packages.config;2937922884;1;1492524683;|248412|525599
Project_Readme.html;2446028677;1;1492524683;|248404|479495
Startup.cs;830031757;1;1492524683;|248405|479496
Unity.WebAPI.README.txt;2117092038;1;1492524683;|248406|479497
Web.config;2919351286;1;1492524683;|248409|479500
Web.Debug.config;1976359892;1;1492524683;|248407|479498
Web.Release.config;814833980;1;1492524683;|248408|479499
Global.asax.cs;1741163810;1;1498844450;|248400|479491
FormularyWebApi.csproj.user;1021734271;1;1499709488;|248398|524345
FormularyWebApi.csproj;3906606486;50;1499771175;|248396|669964
