SCMBranch=Formulary Phase 2
SCMRepository=Atlas/.net Framework/src/Atlas.BenefitPlan.DAL/Models/Enums
SCMMainlineUUID={5a1b102f-7970-442c-99a1-a301f2674cab}
SCMBranchRepositoryID=796732
BenefitPlanType.cs;1174276452;1;1492524698;|280731|530768
ContactCommunicationType.cs;417553034;1;1492524698;|248852|479943
CriteriaOperatorType.cs;1637738005;1;1492524698;|248853|479944
CriteriaSetType.cs;389160975;1;1492524698;|248854|479945
DeductibleType.cs;1993652406;1;1492524698;|248855|530766
EntityAddressType.cs;3777891888;1;1492524698;|248856|479947
FrequencyQualifierType.cs;3894047248;1;1492524698;|278057|530282
Gender.cs;1631554626;1;1492524698;|248857|479948
Month.cs;465032414;1;1492524698;|248858|479949
PlanBenefitPackageSearchType.cs;3838718294;1;1492524698;|248859|479950
ServiceAreaAddressHierarchy.cs;3015104214;1;1492524698;|248860|479951
TenantFamilyHierarchy.cs;4256556027;1;1492524698;|248861|479952
TenantIndustryIdentifier.cs;3254651570;1;1492524698;|248862|479953
TenantSearchType.cs;684887864;1;1492524698;|248863|479954
