SCMBranch=Formulary Phase 2
SCMRepository=Atlas/.net Framework/BenefitPlanCompare/BenefitPlanCompare/Models
SCMMainlineUUID={5a1b102f-7970-442c-99a1-a301f2674cab}
SCMBranchRepositoryID=796865
AllowedPrescriber.cs;3991673401;1;1492524447;|280997|535491
AtlasBenefitPlanForMerlin.cs;3460736902;1;1492524447;|280998|543141
Benefit.cs;2757429461;1;1492524447;|280999|544358
CompareEntity.cs;2301852335;1;1492524447;|281000|546557
CompareExtensions.cs;1165462353;1;1492524447;|281040|543139
CompareResults.cs;2266344792;1;1492524447;|281039|543138
Copay.cs;677215748;1;1492524447;|281001|543150
CopayDistribution.cs;4189628673;1;1492524447;|281002|535484
CoveragePhase.cs;1085528493;1;1492524447;|281003|543149
DAWCopay.cs;446048283;1;1492524447;|281004|544357
Group.cs;2856655316;1;1492524447;|281005|543137
LocationCoverage.cs;1025235989;1;1492524447;|281006|535479
PharmaLimits.cs;1088058236;1;1492524447;|281007|543148
ProgramCode.cs;4008095189;1;1492524447;|281008|543143
XMLExtensions.cs;1906458505;1;1492524447;|281009|543142
