SCMBranch=Formulary Phase 2
SCMRepository=Atlas/.net Framework/DocumentationHelper/Classes
SCMMainlineUUID={5a1b102f-7970-442c-99a1-a301f2674cab}
SCMBranchRepositoryID=796807
Controller.cs;192400986;1;1492524680;|280593|531707
ControllerMethod.cs;2648798350;1;1492524680;|280594|531708
ControllerMethodsList.cs;3887708462;1;1492524680;|280595|531709
ControllersList.cs;1841425503;1;1492524680;|280596|531710
RepositoriesList.cs;357379599;1;1492524680;|280597|531712
Repository.cs;2030910051;1;1492524680;|280598|531713
RepositoryMethod.cs;2759149103;1;1492524680;|280599|531714
RepositoryMethodsList.cs;1259770238;1;1492524680;|280600|531715
StoredProcData.cs;1052105996;1;1492524680;|280601|531716
StoredProcDataHandler.cs;1946875297;1;1492524680;|280757|531719
