SCMBranch=Formulary Phase 2
SCMRepository=Atlas/.net Framework/src/Atlas.BenefitPlan.BLL
SCMMainlineUUID={5a1b102f-7970-442c-99a1-a301f2674cab}
SCMBranchRepositoryID=796742
app.config;95229198;1;1492524690;|248639|479730
Atlas.BenefitPlan.BLL.csproj;721216640;1;1492524690;|248624|546560
Atlas.BenefitPlan.BLL.csproj.user;2892651978;1;1492524690;|248625|479716
BenefitPlanBLL.cs;3701163942;1;1492524690;|248626|530840
BenefitPlanTransitionBLL.cs;778081839;1;1492524690;|248628|532882
CoverageSetBLL.cs;2985469745;1;1492524690;|248629|530465
CriteriaGroupBLL.cs;1680055895;1;1492524690;|248630|525019
DataCompareMCSBLL.cs;253707467;1;1492524690;|288744|546540
DataCompareMerlinBLL.cs;1199575856;1;1492524690;|288745|546408
DrugReferenceDatabaseBLL.cs;3922128836;1;1492524690;|248631|512454
EntityAddressBLL.cs;2122288809;1;1492524690;|248632|479723
EntityBLL.cs;2699789811;1;1492524690;|248633|479724
EntityContactBLL.cs;1507484922;1;1492524690;|248634|479725
IntegrationBLL.cs;3209578723;1;1492524690;|248635|544235
packages.config;2543197122;1;1492524690;|248640|479731
PlanBenefitPackageBLL.cs;2604039729;1;1492524690;|248636|534834
PlanBenefitPackageServiceAreaBLL.cs;1108783867;1;1492524690;|248637|479728
PopulationGroupPlanBenefitPackageBLL.cs;3855528223;1;1492524691;|248638|529668
AdminConfigBLL.cs;134499466;2;1494710869;|248623|609630
BenefitPlanPharmacyTypeBLL.cs;2689691581;2;1498475332;|248627|668885
