SCMBranch=Formulary Phase 2
SCMRepository=Atlas/.net Framework/src/Atlas.BenefitPlan.DAL/Models/Containers
SCMMainlineUUID={5a1b102f-7970-442c-99a1-a301f2674cab}
SCMBranchRepositoryID=796738
BenefitIntegration.cs;4119810592;1;1492524696;|248828|479919
BenefitNetworkCoverageSetDetail.cs;77434091;1;1492524696;|248829|479920
BenefitNetworkDetail.cs;3156577483;1;1492524696;|248830|479921
BenefitPlanCoveragePhase.cs;3546919339;1;1492524696;|248831|479922
BenefitPlanIntegration.cs;3646935520;1;1492524696;|248832|479923
BenefitServiceTypeSearch.cs;3804489131;1;1492524696;|248833|479924
CopyCopaySetupList.cs;2618810802;1;1492524696;|277032|512703
CopyLICSCopayList.cs;1844152694;1;1492524696;|278140|528718
CostShareMaximumsNetworkDetail.cs;213366822;1;1492524696;|248834|479925
DaySupply.cs;3607981512;1;1492524696;|248835|479926
DropDownList.cs;402950695;1;1492524696;|248836|479927
HierarchyNodeDetail.cs;2650275482;1;1492524697;|248837|479928
HierarchyTreeNode.cs;1979628579;1;1492524697;|248838|479929
NtwrkTierWithType.cs;3116700832;1;1492524697;|248839|479930
PharmacyTypeWithDaySupply.cs;3033950222;1;1492524697;|248840|479931
PharmacyTypeWithNetworkTier.cs;2802113357;1;1492524697;|277046|512762
PlanBenefitPackageSearch.cs;2586941374;1;1492524697;|248841|479932
PopulationGroupList.cs;1004285712;1;1492524697;|248842|479933
PopulationGroupPlanBenefitPackageList.cs;1633805627;1;1492524697;|248843|511529
ServiceAreaLookup.cs;2100685673;1;1492524697;|248844|479935
ServiceAreaLookupDetail.cs;3391978690;1;1492524697;|248845|479936
ServiceAreaNodeDetail.cs;1804757702;1;1492524697;|248846|479937
ViewExistingBenefitsDetail.cs;1306528558;1;1492524697;|248847|512768
