SCMBranch=Formulary Phase 2
SCMRepository=Atlas/.net Framework/src/Atlas.BenefitPlan.DAL/Models/DataCompare/Merlin
SCMMainlineUUID={5a1b102f-7970-442c-99a1-a301f2674cab}
SCMBranchRepositoryID=796735
AllowedPrescriber.cs;2854057962;1;1492524697;|288732|544380
AtlasBenefitPlanForMerlin.cs;1590686052;1;1492524698;|288733|544381
Benefit.cs;1490808489;1;1492524698;|288734|546412
CompareEntity.cs;1711249571;1;1492524698;|288108|544372
Copay.cs;1202501016;1;1492524698;|288735|544383
CopayDistribution.cs;672415045;1;1492524698;|288736|544384
CoveragePhase.cs;3321622524;1;1492524698;|288737|544385
DAWCopay.cs;1126234473;1;1492524698;|288738|544386
Group.cs;4257662912;1;1492524698;|288739|546411
LocationCoverage.cs;3507017736;1;1492524698;|288740|544388
PharmaLimits.cs;1431723918;1;1492524698;|288741|544389
ProgramCode.cs;887925680;1;1492524698;|288742|544390
