SCMBranch=Formulary Phase 2
SCMRepository=Atlas/.net Framework/BenefitPlanCompare/BenefitPlanCompare/Files
SCMMainlineUUID={5a1b102f-7970-442c-99a1-a301f2674cab}
SCMBranchRepositoryID=796868
FromAtlas.xml;1755305411;1;1492524447;|280989|534655
FromAtlas2.xml;3151110067;1;1492524447;|288723|544352
FromAtlas99.xml;686300484;1;1492524447;|288724|544353
FromMerlin.xml;3841266281;1;1492524447;|280990|534656
FromMerlin2.xml;1436252849;1;1492524447;|288725|544354
FromMerlin99.xml;3154799896;1;1492524447;|288726|544355
MerlinXML.xml;2333805784;1;1492524447;|280991|534657
MerlinXML2.xml;1994228898;1;1492524447;|280992|534658
