SCMBranch=Formulary Phase 2
SCMRepository=Atlas/.net Framework/src/Atlas.Formulary.DAL/ViewModels
SCMMainlineUUID={5a1b102f-7970-442c-99a1-a301f2674cab}
SCMBranchRepositoryID=796673
CustomNDCFormularyVM.cs;2299688174;1;1492524720;|249544|480635
DashboardVM.cs;1306579630;1;1492524720;|249545|480636
DrugCategoryPagedRequestVM.cs;2758650150;1;1492524721;|249546|480637
DrugCategoryPagedVM.cs;3204142982;1;1492524721;|249547|512323
DrugCategoryVM.cs;2045059311;1;1492524721;|249548|480639
DrugCoverageVM.cs;4261001267;1;1492524721;|249549|480640
DrugListHeaderGetVM.cs;269861603;1;1492524721;|249550|480641
DrugListHeaderVM.cs;2808116132;1;1492524721;|249551|480642
DrugListImportVM.cs;1241096574;1;1492524721;|249552|480643
DrugListSaveVM.cs;102772566;1;1492524721;|249553|480644
DrugSearchResults.cs;3967757128;1;1492524721;|249554|480645
FormularyDrugListVM.cs;607734106;1;1492524721;|249556|480647
FormularyHeader.cs;2442155626;1;1492524721;|249558|480649
FormularyHeaderResults.cs;533654510;1;1492524721;|249559|480650
FormularyImportVM.cs;3763880379;1;1492524721;|249560|480651
FormularyNotesVM.cs;1992562219;1;1492524721;|249561|480652
GpiTreeChildren.cs;1977307691;1;1492524721;|280966|534080
ImportVM.cs;1634591586;1;1492524721;|249562|480653
JobQueueUsersVM.cs;3848397822;1;1492524721;|249563|480654
NDCNoteVM.cs;2510192403;1;1492524721;|249565|480656
PagedRequestVM.cs;3183101188;1;1492524721;|249566|480657
TierNamesVM.cs;941517800;1;1492524721;|249567|480658
JobQueueVM.cs;1913364381;2;1494461168;|249564|609486
SummaryConfigReportPutVM.cs;4162103151;3;1497352147;|348115|667873
