SCMBranch=Formulary Phase 2
SCMRepository=Atlas/.net Framework/FormularyWebApi/App_Start
SCMMainlineUUID={5a1b102f-7970-442c-99a1-a301f2674cab}
SCMBranchRepositoryID=796797
AssemblyQualifiedTypeNameConverter.cs;2260550564;1;1492524684;|248415|479506
AtlasHandleErrorAttrbiute.cs;453017137;1;1492524684;|248416|479507
AtlasPerformanceInterceptor.cs;4041241951;1;1492524684;|248417|479508
BundleConfig.cs;779531609;1;1492524684;|248418|479509
FilterConfig.cs;498043643;1;1492524684;|248419|479510
IdentityConfig.cs;2455524632;1;1492524684;|248420|479511
RouteConfig.cs;71023178;1;1492524684;|248421|479512
Startup.Auth.cs;113909341;1;1492524684;|248422|479513
SwaggerConfig.cs;2891252723;1;1492524684;|248423|479514
UnityConfig.cs;900537963;1;1492524684;|248424|545327
UnityConfig.cs.bak;2516621892;1;1492524684;|248425|479516
WebApiConfig.cs;2094440355;1;1492524684;|248426|479517
SqlConfigFactory.cs;423466985;2;1496681353;|288784|667196
