SCMBranch=Formulary Phase 2
SCMRepository=Atlas/.net Framework/src/Atlas.Configuration
SCMMainlineUUID={5a1b102f-7970-442c-99a1-a301f2674cab}
SCMBranchRepositoryID=796721
Atlas.Configuration.csproj;233896543;1;1492524709;|249206|480297
BenefitPlanDevConfig.cs;3578471409;1;1492524709;|249207|546564
BenefitPlanProdConfig.cs;3482284016;1;1492524709;|249208|546565
BenefitPlanQAConfig.cs;546453488;1;1492524709;|249209|546566
BenefitPlanUATConfig.cs;980493697;1;1492524709;|249210|546567
DevConfig.cs;1667760335;1;1492524709;|249211|480302
IBenefitPlanConfig.cs;888562453;1;1492524709;|249216|546568
IConfig.cs;3597592935;1;1492524709;|249217|480308
packages.config;4109063600;1;1492524709;|249220|480311
QAConfig.cs;1828232651;1;1492524709;|249219|480310
FormularyDevConfig.cs;255816815;3;1496681353;|249212|667198
FormularyProdConfig.cs;1721970769;2;1496681353;|249213|667199
FormularyQAConfig.cs;4077601985;3;1496681353;|249214|667200
FormularyUATConfig.cs;4070111270;2;1496681353;|249215|667201
IFormularyConfig.cs;1200538241;2;1496681353;|249218|667202
