SCMBranch=Formulary Phase 2
SCMRepository=Atlas/.net Framework/Docs/html/search
SCMMainlineUUID={5a1b102f-7970-442c-99a1-a301f2674cab}
SCMBranchRepositoryID=796811
all_0.html;2206611050;1;1492524661;|248046|479137
all_0.js;106380819;1;1492524661;|248047|479138
all_1.html;513680150;1;1492524661;|248048|479139
all_1.js;1683627022;1;1492524661;|248049|479140
all_10.html;2439355459;1;1492524661;|248050|479141
all_10.js;3364249827;1;1492524661;|248051|479142
all_11.html;209553727;1;1492524661;|248052|479143
all_11.js;3099781148;1;1492524661;|248053|479144
all_12.html;1881452794;1;1492524661;|248054|479145
all_12.js;4150610033;1;1492524662;|248055|479146
all_13.html;3980174726;1;1492524662;|248056|479147
all_13.js;4169231108;1;1492524662;|248057|479148
all_14.html;2291581808;1;1492524662;|248058|479149
all_14.js;914880458;1;1492524662;|248059|479150
all_15.html;361682444;1;1492524662;|248060|479151
all_15.js;1821438024;1;1492524662;|248061|479152
all_16.html;1775759305;1;1492524662;|248062|479153
all_16.js;3073911505;1;1492524662;|248063|479154
all_17.html;4107270837;1;1492524662;|248064|479155
all_17.js;567348713;1;1492524663;|248065|479156
all_18.html;2726502949;1;1492524663;|248066|479157
all_18.js;1182102968;1;1492524663;|248067|479158
all_19.html;1067136857;1;1492524663;|248068|479159
all_19.js;84718792;1;1492524663;|248069|479160
all_1a.html;804520066;1;1492524663;|248070|479161
all_1a.js;1314232825;1;1492524663;|248071|479162
all_2.html;1657215699;1;1492524663;|248072|479163
all_2.js;3046347029;1;1492524663;|248073|479164
all_3.html;4292808623;1;1492524663;|248074|479165
all_3.js;1723768186;1;1492524663;|248075|479166
all_4.html;2591385945;1;1492524663;|248076|479167
all_4.js;913031186;1;1492524663;|248077|479168
all_5.html;124615717;1;1492524663;|248078|479169
all_5.js;2033158153;1;1492524663;|248079|479170
all_6.html;2067023328;1;1492524663;|248080|479171
all_6.js;2438255528;1;1492524663;|248081|479172
all_7.html;3861663900;1;1492524663;|248082|479173
all_7.js;3132675708;1;1492524663;|248083|479174
all_8.html;2959116300;1;1492524663;|248084|479175
all_8.js;410802666;1;1492524663;|248085|479176
all_9.html;762879344;1;1492524663;|248086|479177
all_9.js;135049439;1;1492524664;|248087|479178
all_a.html;1024961195;1;1492524664;|248088|479179
all_a.js;1120646328;1;1492524664;|248089|479180
all_b.html;1095668590;1;1492524664;|248090|479181
all_b.js;1001596453;1;1492524664;|248091|479182
all_c.html;3696657938;1;1492524664;|248092|479183
all_c.js;3517575883;1;1492524664;|248093|479184
all_d.html;3120357604;1;1492524664;|248094|479185
all_d.js;3424528489;1;1492524664;|248095|479186
all_e.html;618984856;1;1492524664;|248096|479187
all_e.js;283647929;1;1492524664;|248097|479188
all_f.html;1488833629;1;1492524664;|248098|479189
all_f.js;3134086923;1;1492524664;|248099|479190
classes_0.html;3820143170;1;1492524664;|248100|479191
classes_0.js;503789646;1;1492524664;|248101|479192
classes_1.html;2125125438;1;1492524664;|248102|479193
classes_1.js;3888641411;1;1492524664;|248103|479194
classes_10.html;2762997837;1;1492524664;|248104|479195
classes_10.js;4001271517;1;1492524664;|248105|479196
classes_11.html;967316785;1;1492524664;|248106|479197
classes_11.js;2557709610;1;1492524664;|248107|479198
classes_12.html;1173433588;1;1492524664;|248108|479199
classes_12.js;1931666888;1;1492524664;|248109|479200
classes_13.html;3639163272;1;1492524664;|248110|479201
classes_13.js;2189320247;1;1492524664;|248111|479202
classes_14.html;3175309182;1;1492524664;|248112|479203
classes_14.js;3465702340;1;1492524664;|248113|479204
classes_15.html;542853634;1;1492524664;|248114|479205
classes_15.js;2909045597;1;1492524664;|248115|479206
classes_16.html;1543664583;1;1492524664;|248116|479207
classes_16.js;2114638731;1;1492524664;|248117|479208
classes_2.html;49540859;1;1492524664;|248118|479209
classes_2.js;1018476137;1;1492524664;|248119|479210
classes_3.html;2683042695;1;1492524664;|248120|479211
classes_3.js;2599490308;1;1492524664;|248121|479212
classes_4.html;4198604145;1;1492524664;|248122|479213
classes_4.js;2406710071;1;1492524664;|248123|479214
classes_5.html;1733920781;1;1492524664;|248124|479215
classes_5.js;3034359914;1;1492524664;|248125|479216
classes_6.html;453030344;1;1492524664;|248126|479217
classes_6.js;1450214756;1;1492524664;|248127|479218
classes_7.html;2249761972;1;1492524664;|248128|479219
classes_7.js;4269440728;1;1492524664;|248129|479220
classes_8.html;3495197732;1;1492524664;|248130|479221
classes_8.js;2853006883;1;1492524664;|248131|479222
classes_9.html;1296853336;1;1492524664;|248132|479223
classes_9.js;3214753001;1;1492524664;|248133|479224
classes_a.html;1562599043;1;1492524664;|248134|479225
classes_a.js;2098074456;1;1492524664;|248135|479226
classes_b.html;561669958;1;1492524665;|248136|479227
classes_b.js;1551071297;1;1492524665;|248137|479228
classes_c.html;3160568378;1;1492524665;|248138|479229
classes_c.js;1262247019;1;1492524665;|248139|479230
classes_d.html;3653768396;1;1492524665;|248140|479231
classes_d.js;1515964251;1;1492524665;|248141|479232
classes_e.html;1154482608;1;1492524665;|248142|479233
classes_e.js;3389905751;1;1492524665;|248143|479234
classes_f.html;948516981;1;1492524665;|248144|479235
classes_f.js;2262202631;1;1492524665;|248145|479236
close.png;4040965995;1;1492524665;|248146|479237
enums_0.html;2521133937;1;1492524665;|248147|479238
enums_0.js;1100775839;1;1492524665;|248148|479239
enums_1.html;190670349;1;1492524665;|248149|479240
enums_1.js;1443075610;1;1492524665;|248150|479241
enums_2.html;1996775368;1;1492524665;|248151|479242
enums_2.js;559877677;1;1492524665;|248152|479243
enums_3.html;3927722676;1;1492524665;|248153|479244
enums_3.js;2938059068;1;1492524665;|248154|479245
enums_4.html;2411080770;1;1492524665;|248155|479246
enums_4.js;4119241871;1;1492524665;|248156|479247
enums_5.html;313407806;1;1492524665;|248157|479248
enums_5.js;3172056536;1;1492524665;|248158|479249
enumvalues_0.html;2577287423;1;1492524665;|248159|479250
enumvalues_0.js;3584730538;1;1492524665;|248160|479251
enumvalues_1.html;75914627;1;1492524665;|248161|479252
enumvalues_1.js;3352815712;1;1492524665;|248162|479253
enumvalues_2.html;2027906118;1;1492524665;|248163|479254
enumvalues_2.js;2125936056;1;1492524665;|248164|479255
enumvalues_3.html;3855053114;1;1492524665;|248165|479256
enumvalues_3.js;3462764808;1;1492524665;|248166|479257
enumvalues_4.html;2154633164;1;1492524665;|248167|479258
enumvalues_4.js;2456152483;1;1492524665;|248168|479259
enumvalues_5.html;494207664;1;1492524665;|248169|479260
enumvalues_5.js;2184567929;1;1492524665;|248170|479261
enumvalues_6.html;1630288757;1;1492524665;|248171|479262
enumvalues_6.js;2840052383;1;1492524665;|248172|479263
enumvalues_7.html;4231278089;1;1492524665;|248173|479264
enumvalues_7.js;813596792;1;1492524665;|248174|479265
enumvalues_8.html;2860054169;1;1492524665;|248175|479266
enumvalues_8.js;1374521801;1;1492524665;|248176|479267
enumvalues_9.html;929096677;1;1492524666;|248177|479268
enumvalues_9.js;3420369790;1;1492524666;|248178|479269
events_0.html;1662675810;1;1492524666;|248179|479270
events_0.js;396899032;1;1492524666;|248180|479271
files_0.html;1740379365;1;1492524666;|248181|479272
files_0.js;3101495861;1;1492524666;|248182|479273
files_1.html;4205052313;1;1492524666;|248183|479274
files_1.js;3399135250;1;1492524666;|248184|479275
files_10.html;3968219344;1;1492524666;|248185|479276
files_10.js;3726851862;1;1492524666;|248186|479277
files_11.html;1906191788;1;1492524666;|248187|479278
files_11.js;3905829256;1;1492524666;|248188|479279
files_12.html;231150697;1;1492524666;|248189|479280
files_12.js;4054112338;1;1492524666;|248190|479281
files_13.html;2430533909;1;1492524666;|248191|479282
files_13.js;2189810537;1;1492524666;|248192|479283
files_14.html;4118112227;1;1492524666;|248193|479284
files_14.js;2839863176;1;1492524666;|248194|479285
files_15.html;1752003231;1;1492524666;|248195|479286
files_15.js;68682053;1;1492524666;|248196|479287
files_16.html;338971482;1;1492524666;|248197|479288
files_16.js;2632889065;1;1492524666;|248198|479289
files_17.html;2301386278;1;1492524667;|248199|479290
files_17.js;484431721;1;1492524667;|248200|479291
files_18.html;3747645110;1;1492524667;|248201|479292
files_18.js;2839804422;1;1492524667;|248202|479293
files_2.html;2264741980;1;1492524667;|248203|479294
files_2.js;4136472420;1;1492524667;|248204|479295
files_3.html;468004128;1;1492524667;|248205|479296
files_3.js;1643523846;1;1492524667;|248206|479297
files_4.html;2119125974;1;1492524667;|248207|479298
files_4.js;65522839;1;1492524667;|248208|479299
files_5.html;3814153898;1;1492524667;|248209|479300
files_5.js;1184728197;1;1492524668;|248210|479301
files_6.html;2668521327;1;1492524668;|248211|479302
files_6.js;2850588717;1;1492524668;|248212|479303
files_7.html;35025427;1;1492524668;|248213|479304
files_7.js;2105914755;1;1492524668;|248214|479305
files_8.html;1415228035;1;1492524668;|248215|479306
files_8.js;2637895532;1;1492524668;|248216|479307
files_9.html;3376594943;1;1492524668;|248217|479308
files_9.js;2290644816;1;1492524668;|248218|479309
files_a.html;3643639844;1;1492524668;|248219|479310
files_a.js;776521737;1;1492524668;|248220|479311
files_b.html;2775888353;1;1492524668;|248221|479312
files_b.js;712433659;1;1492524668;|248222|479313
files_c.html;946644125;1;1492524668;|248223|479314
files_c.js;4243401862;1;1492524668;|248224|479315
files_d.html;1573306987;1;1492524668;|248225|479316
files_d.js;3632375388;1;1492524668;|248226|479317
files_e.html;3235829527;1;1492524668;|248227|479318
files_e.js;2225701342;1;1492524668;|248228|479319
files_f.html;3163025106;1;1492524668;|248229|479320
files_f.js;1676163994;1;1492524668;|248230|479321
functions_0.html;3321086441;1;1492524668;|248231|479322
functions_0.js;3163620823;1;1492524668;|248232|479323
functions_1.html;1491850389;1;1492524668;|248233|479324
functions_1.js;2777831720;1;1492524668;|248234|479325
functions_10.html;3851565870;1;1492524668;|248235|479326
functions_10.js;3261590029;1;1492524668;|248236|479327
functions_11.html;2022321746;1;1492524668;|248237|479328
functions_11.js;3200635420;1;1492524668;|248238|479329
functions_12.html;80942999;1;1492524668;|248239|479330
functions_12.js;3625355957;1;1492524668;|248240|479331
functions_13.html;2580218603;1;1492524669;|248241|479332
functions_13.js;889312402;1;1492524669;|248242|479333
functions_14.html;4234241053;1;1492524669;|248243|479334
functions_14.js;1003352317;1;1492524669;|248244|479335
functions_15.html;1635348833;1;1492524669;|248245|479336
functions_15.js;488424688;1;1492524669;|248246|479337
functions_16.html;488655012;1;1492524669;|248247|479338
functions_16.js;954118478;1;1492524669;|248248|479339
functions_2.html;615705936;1;1492524669;|248249|479340
functions_2.js;1996069154;1;1492524669;|248250|479341
functions_3.html;3114989612;1;1492524669;|248251|479342
functions_3.js;2956630448;1;1492524669;|248252|479343
functions_4.html;3691028186;1;1492524669;|248253|479344
functions_4.js;3668201032;1;1492524669;|248254|479345
functions_5.html;1092127654;1;1492524669;|248255|479346
functions_5.js;3905701469;1;1492524669;|248256|479347
functions_6.html;1027715683;1;1492524669;|248257|479348
functions_6.js;4294061675;1;1492524669;|248258|479349
functions_7.html;2690230047;1;1492524669;|248259|479350
functions_7.js;651708110;1;1492524669;|248260|479351
functions_8.html;4128604047;1;1492524669;|248261|479352
functions_8.js;1590646975;1;1492524669;|248262|479353
functions_9.html;1796041459;1;1492524669;|248263|479354
functions_9.js;1200310147;1;1492524669;|248264|479355
functions_a.html;2070043944;1;1492524669;|248265|479356
functions_a.js;3116128941;1;1492524669;|248266|479357
functions_b.html;121332973;1;1492524669;|248267|479358
functions_b.js;2553807777;1;1492524669;|248268|479359
functions_c.html;2586014097;1;1492524669;|248269|479360
functions_c.js;2097934619;1;1492524669;|248270|479361
functions_d.html;4287174503;1;1492524669;|248271|479362
functions_d.js;664691218;1;1492524670;|248272|479363
functions_e.html;1653670427;1;1492524670;|248273|479364
functions_e.js;3744485936;1;1492524670;|248274|479365
functions_f.html;516439006;1;1492524670;|248275|479366
functions_f.js;2458815041;1;1492524670;|248276|479367
mag_sel.png;1186791659;1;1492524670;|248277|479368
namespaces_0.html;2352381910;1;1492524670;|248278|479369
namespaces_0.js;3134977378;1;1492524670;|248279|479370
namespaces_1.html;288254634;1;1492524670;|248280|479371
namespaces_1.js;4022616581;1;1492524670;|248281|479372
nomatches.html;3221165419;1;1492524670;|248282|479373
properties_0.html;306916757;1;1492524670;|248283|479374
properties_0.js;3440897687;1;1492524670;|248284|479375
properties_1.html;2404595945;1;1492524670;|248285|479376
properties_1.js;580691483;1;1492524670;|248286|479377
properties_10.html;3170287317;1;1492524670;|248287|479378
properties_10.js;3555942047;1;1492524670;|248288|479379
properties_11.html;569289641;1;1492524670;|248289|479380
properties_11.js;1694212058;1;1492524670;|248290|479381
properties_12.html;1572311660;1;1492524670;|248291|479382
properties_12.js;2174397908;1;1492524670;|248292|479383
properties_13.html;3232728848;1;1492524670;|248293|479384
properties_13.js;3417444852;1;1492524670;|248294|479385
properties_14.html;2768626150;1;1492524670;|248295|479386
properties_14.js;1529092184;1;1492524670;|248296|479387
properties_15.html;941487258;1;1492524670;|248297|479388
properties_15.js;3739191915;1;1492524670;|248298|479389
properties_16.html;1145359711;1;1492524670;|248299|479390
properties_16.js;679696223;1;1492524670;|248300|479391
properties_17.html;3646740515;1;1492524670;|248301|479392
properties_17.js;1314232825;1;1492524670;|248302|479393
properties_2.html;4077519148;1;1492524671;|248303|479394
properties_2.js;4077067049;1;1492524671;|248304|479395
properties_3.html;1846678608;1;1492524671;|248305|479396
properties_3.js;821346627;1;1492524671;|248306|479397
properties_4.html;196637350;1;1492524671;|248307|479398
properties_4.js;3779402380;1;1492524671;|248308|479399
properties_5.html;2527094746;1;1492524671;|248309|479400
properties_5.js;2515392810;1;1492524671;|248310|479401
properties_6.html;3942211103;1;1492524671;|248311|479402
properties_6.js;3256303104;1;1492524671;|248312|479403
properties_7.html;2011253603;1;1492524671;|248313|479404
properties_7.js;2125435174;1;1492524671;|248314|479405
properties_8.html;565023731;1;1492524671;|248315|479406
properties_8.js;2691709585;1;1492524671;|248316|479407
properties_9.html;3166013071;1;1492524671;|248317|479408
properties_9.js;1074761322;1;1492524671;|248318|479409
properties_a.html;2900013396;1;1492524671;|248319|479410
properties_a.js;1636444963;1;1492524671;|248320|479411
properties_b.html;3498281105;1;1492524671;|248321|479412
properties_b.js;2771811146;1;1492524671;|248322|479413
properties_c.html;1302044141;1;1492524671;|248323|479414
properties_c.js;565806005;1;1492524671;|248324|479415
properties_d.html;674364187;1;1492524671;|248325|479416
properties_d.js;3413143634;1;1492524671;|248326|479417
properties_e.html;3039424103;1;1492524671;|248327|479418
properties_e.js;2556016686;1;1492524671;|248328|479419
properties_f.html;3379615650;1;1492524671;|248329|479420
properties_f.js;2712560695;1;1492524671;|248330|479421
search.css;2174482552;1;1492524671;|248331|479422
search.js;3640163455;1;1492524671;|248332|479423
search_l.png;2265633157;1;1492524671;|248333|479424
search_m.png;341449177;1;1492524672;|248334|479425
search_r.png;4047412056;1;1492524672;|248335|479426
searchdata.js;2631181175;1;1492524672;|248336|479427
variables_0.html;2158347400;1;1492524672;|248337|479428
variables_0.js;767694466;1;1492524672;|248338|479429
variables_1.html;498979316;1;1492524672;|248339|479430
variables_1.js;3180365151;1;1492524672;|248340|479431
variables_10.html;3747757285;1;1492524672;|248341|479432
variables_10.js;4279324501;1;1492524672;|248342|479433
variables_11.html;1115302297;1;1492524672;|248343|479434
variables_11.js;970140494;1;1492524672;|248344|479435
variables_12.html;1042485340;1;1492524672;|248345|479436
variables_12.js;2368875072;1;1492524672;|248346|479437
variables_13.html;2738554144;1;1492524672;|248347|479438
variables_13.js;422704621;1;1492524672;|248348|479439
variables_14.html;3331417046;1;1492524672;|248349|479440
variables_14.js;56927533;1;1492524673;|248350|479441
variables_15.html;1535735466;1;1492524673;|248351|479442
variables_15.js;4004059424;1;1492524673;|248352|479443
variables_16.html;667963247;1;1492524673;|248353|479444
variables_16.js;4135743824;1;1492524673;|248354|479445
variables_17.html;3133692435;1;1492524673;|248355|479446
variables_17.js;3468043727;1;1492524673;|248356|479447
variables_18.html;3968107139;1;1492524673;|248357|479448
variables_18.js;1768279298;1;1492524673;|248358|479449
variables_19.html;1906087935;1;1492524673;|248359|479450
variables_19.js;84718792;1;1492524673;|248360|479451
variables_2.html;1642391601;1;1492524673;|248361|479452
variables_2.js;191844935;1;1492524673;|248362|479453
variables_3.html;4244438349;1;1492524673;|248363|479454
variables_3.js;793591122;1;1492524673;|248364|479455
variables_4.html;2572590011;1;1492524674;|248365|479456
variables_4.js;670055962;1;1492524674;|248366|479457
variables_5.html;72257223;1;1492524674;|248367|479458
variables_5.js;2430026646;1;1492524674;|248368|479459
variables_6.html;2014820098;1;1492524674;|248369|479460
variables_6.js;1574704759;1;1492524674;|248370|479461
variables_7.html;3843007102;1;1492524674;|248371|479462
variables_7.js;193548606;1;1492524674;|248372|479463
variables_8.html;3007544046;1;1492524674;|248373|479464
variables_8.js;3356268605;1;1492524674;|248374|479465
variables_9.html;777744274;1;1492524674;|248375|479466
variables_9.js;1909883427;1;1492524674;|248376|479467
variables_a.html;1043617865;1;1492524674;|248377|479468
variables_a.js;3575943873;1;1492524674;|248378|479469
variables_b.html;1114464652;1;1492524674;|248379|479470
variables_b.js;306017234;1;1492524674;|248380|479471
variables_c.html;3749016816;1;1492524674;|248381|479472
variables_c.js;2475488763;1;1492524674;|248382|479473
variables_d.html;3135181318;1;1492524674;|248383|479474
variables_d.js;3870412991;1;1492524674;|248384|479475
variables_e.html;667355002;1;1492524674;|248385|479476
variables_e.js;2247685103;1;1492524674;|248386|479477
variables_f.html;1537097407;1;1492524674;|248387|479478
variables_f.js;680121536;1;1492524674;|248388|479479
