SCMBranch=Formulary Phase 2
SCMRepository=Atlas/.net Framework/src/Atlas.Formulary.DAL/Models/Containers
SCMMainlineUUID={5a1b102f-7970-442c-99a1-a301f2674cab}
SCMBranchRepositoryID=796684
CriteriaDetailTableType.cs;1408063973;1;1492524718;|249476|480567
DrugCatgCrtriaGrpSP.cs;193465558;1;1492524718;|249477|480568
DrugListDtlCrtriaGrpSP.cs;1150867112;1;1492524718;|249478|480569
DrugSearch.cs;3466668798;1;1492524718;|249479|480570
Message.cs;1739770825;1;1492524718;|249480|480571
QueryResult.cs;1876572912;1;1492524718;|249481|480572
SearchQuery.cs;3508693755;1;1492524718;|249482|480573
TreeChildren.cs;3544424850;1;1492524718;|249484|518178
SmartSearchResult.cs;2638974724;2;1496252021;|249483|666800
CvrgPrptyPgmCrtriaGrpSP.cs;1465426731;2;1499709489;|404096|669542
