SCMBranch=Formulary Phase 2
SCMRepository=Atlas/.net Framework/src/Atlas.BenefitPlan.BLL/Interfaces
SCMMainlineUUID={5a1b102f-7970-442c-99a1-a301f2674cab}
SCMBranchRepositoryID=796745
IAdminConfigBLL.cs;3226430743;1;1492524691;|248641|530890
IBenefitPlanBLL.cs;2801548223;1;1492524691;|248642|521409
IBenefitPlanPharmacyTypeBLL.cs;3012257616;1;1492524691;|248643|512780
IBenefitPlanTransitionBLL.cs;1158561168;1;1492524691;|248644|508513
ICoverageSetBLL.cs;4057050747;1;1492524691;|248645|479736
ICriteriaGroupBLL.cs;2820193752;1;1492524691;|248646|525018
IDataCompareMCSBLL.cs;393908961;1;1492524691;|288746|544395
IDataCompareMerlinBLL.cs;1852801965;1;1492524691;|288747|546407
IDrugReferenceDatabaseBLL.cs;1254738175;1;1492524691;|248647|512453
IEntityAddressBLL.cs;1991533910;1;1492524691;|248648|479739
IEntityBLL.cs;1938633662;1;1492524691;|248649|479740
IEntityContactBLL.cs;974420932;1;1492524691;|248650|479741
IIntegrationBLL.cs;3789204977;1;1492524691;|248651|479742
IPlanBenefitPackageBLL.cs;1196206875;1;1492524691;|248652|524421
IPlanBenefitPackageServiceAreaBLL.cs;1640432786;1;1492524691;|248653|479744
IPopulationGroupPlanBenefitPackageBLL.cs;659012829;1;1492524691;|248654|529069
