SCMBranch=Formulary Phase 2
SCMRepository=Atlas/.net Framework/src/Atlas.Reference.DAL/Models
SCMMainlineUUID={5a1b102f-7970-442c-99a1-a301f2674cab}
SCMBranchRepositoryID=796664
AHFSChangeList.cs;793649712;1;1492524722;|288787|545395
AppSettings.cs;2307416441;1;1492524722;|288788|545396
CacheStatus.cs;2131990859;1;1492524722;|288789|545397
DrugCatgRule.cs;1814484031;1;1492524722;|288790|545398
DrugListCache.cs;1227699841;1;1492524722;|278071|518823
ETCChangeList.cs;530449829;1;1492524722;|288791|545399
FDBClinicalData.cs;2643989150;1;1492524722;|288792|545400
FDBDrugChangeSummary.cs;1579512771;1;1492524722;|278073|518825
FDBDrugList_Backup.cs;3217191197;1;1492524722;|249614|480705
FDBPatEdMstr.cs;233914203;1;1492524722;|288793|545401
FDBPECXRef.cs;4221591383;1;1492524722;|288794|545402
FrmlryCacheStatus.cs;579006098;1;1492524722;|288795|545403
FrmlryPendingFeed.cs;2237754296;1;1492524722;|288796|545404
FrmlryPlanSubType.cs;4054418112;1;1492524722;|249616|480707
FrmlryPlanType.cs;3910090836;1;1492524722;|249617|480708
FrmlryReview.cs;3142767605;1;1492524722;|249618|480709
GCNChangeList.cs;4264991375;1;1492524722;|288797|545405
GPIChangeList.cs;1140534495;1;1492524722;|288798|545406
JobQueue.cs;3396106927;1;1492524722;|249621|480712
JobStatus.cs;2178323490;1;1492524722;|249622|480713
JobType.cs;4047194449;1;1492524722;|249623|480714
MedispanBrandProb.cs;864891385;1;1492524722;|249625|545384
MedispanBrandProbChangeList.cs;521999038;1;1492524722;|288799|545407
MedispanDrugChangeList.cs;2103692642;1;1492524722;|288800|545408
MedispanDrugChangeSummary.cs;1719477538;1;1492524722;|288801|545409
MSDrugType.cs;1698815782;1;1492524722;|249624|480715
NDCNote.cs;409741918;1;1492524722;|249627|480718
NDCType.cs;3661207000;1;1492524722;|249628|480719
NewDrugNotToDrugList.cs;1608886373;1;1492524722;|288802|545410
NewDrugNotToFrmlry.cs;2141528460;1;1492524722;|278074|518826
NewDrugToDrugList.cs;1314980627;1;1492524722;|288803|545411
NewDrugToFrmlry.cs;1625214482;1;1492524722;|278075|518827
PatEdMonoTextType.cs;1332808825;1;1492524722;|288804|545412
PDFMessage.cs;1591614321;1;1492524722;|288805|545413
Reference.Context.tt;1072528192;1;1492524722;|249630|480721
Reference.cs;1557357056;1;1492524722;|249632|480723
Reference.tt;4125229238;1;1492524723;|249635|480726
ReferenceEntities.Designer.cs;3798042294;1;1492524723;|249637|480728
ReferenceEntities.edmx;1941332837;1;1492524723;|249638|480729
ReferenceEntities.edmx.diagram;1492780358;1;1492524723;|249639|480730
RptFmt.cs;4200683873;1;1492524723;|249640|480731
RptFmtSection.cs;1936108533;1;1492524724;|249641|480732
sp_helpdiagramdefinition_Result.cs;3059236250;1;1492524724;|249642|480733
sp_helpdiagrams_Result.cs;3073756840;1;1492524724;|249643|480734
sysdiagrams.cs;3181060190;1;1492524724;|249644|480735
tmpUserDrugCatgPage.cs;2447465567;1;1492524724;|249645|518820
tmpUserDrugListDtlPage.cs;3853457699;1;1492524724;|278076|518828
SmartSearchField.cs;1917676531;1;1493662993;|310509|571351
SmartSearchGroup.cs;764588091;1;1493662993;|310510|571352
tmpCustomNDC.cs;2783672255;1;1493662993;|310511|571353
DrugTypeFn.cs;1579243350;3;1494336269;|249611|609065
ReferenceEntities.manifest;3098757462;1;1496406709;|403841|667020
ReferenceContextPartial.cs;3439463539;3;1496407527;|249636|667049
FileFmt.cs;1235355723;5;1496660708;|403827|667073
FontSize.cs;906116518;5;1496660708;|403828|667074
Lang.cs;1848167689;5;1496660708;|403829|667075
SumRptCfg.cs;1643963151;5;1496660708;|403830|667076
SumRptCfgCol.cs;133584569;3;1496660708;|403842|667077
SumRptCfgCvrgPrptyType.cs;2857314738;5;1496660708;|403831|667078
SumRptCfgSctn.cs;574168369;5;1496660708;|403832|667079
SumRptCfgTier.cs;733392104;3;1496660708;|403843|667080
SumRptCol.cs;3133763184;3;1496660708;|403844|667081
SumRptDrugSortBy.cs;1095393254;5;1496660708;|403833|667082
SumRptOrgBy.cs;4293322615;5;1496660708;|403834|667083
SumRptOTC.cs;4255331985;5;1496660708;|403835|667084
AHFS.cs;3717191761;2;1496660708;|249610|667089
ETC.cs;4157549928;2;1496660708;|249612|667090
FormularyCache.cs;1881519930;2;1496660708;|249615|667092
GCN.cs;3697301563;2;1496660708;|249619|667093
GPI.cs;2780207972;2;1496660708;|249620|667094
MedispanDrugList.cs;2655400582;3;1496660708;|249626|667095
SumRptRollUp.cs;1958274320;5;1496660708;|403836|667085
SumRptSctn.cs;2714121261;5;1496660708;|403837|667086
TierDispl.cs;3180951834;5;1496660708;|403838|667087
tmpUserDrugSearchMS.cs;2974955142;3;1496660708;|249647|667101
FDBDrugChangeList.cs;1427215804;2;1496949103;|278072|667419
FDBDrugList.cs;1945588969;3;1496949103;|249613|667420
NSDEDrugChangeList.cs;260091217;3;1496949103;|403839|667417
NSDEDrugList.cs;2398109329;3;1496949103;|403840|667418
Reference.Designer.cs;2870113584;7;1496949103;|249631|667422
tmpUserDrugSearch.cs;3169846303;3;1496949103;|249646|667425
MedId.cs;1606518525;1;1498042878;|404007|668592
MedIdChangeList.cs;1226466772;1;1498042878;|404008|668593
Reference.Context.cs;576472177;8;1498042890;|249629|668594
Reference.edmx;1543389347;9;1498042890;|249633|668595
Reference.edmx.diagram;1602399603;8;1498042890;|249634|668596
