SCMBranch=Formulary Phase 2
SCMRepository=Atlas/.net Framework/src/Atlas.Formulary.DAL/Models
SCMMainlineUUID={5a1b102f-7970-442c-99a1-a301f2674cab}
SCMBranchRepositoryID=796682
AccessCtl.cs;2327507445;1;1492524712;|249315|480406
Alert.cs;3023064384;1;1492524712;|249316|480407
AlertType.cs;115822522;1;1492524712;|249317|480408
Aprvl.cs;1725720291;1;1492524712;|249318|480409
CrtriaDtl.cs;2550071838;1;1492524712;|249320|480411
CrtriaGrpCrtriaSet.cs;1322396499;1;1492524713;|249322|480413
CrtriaGrpType.cs;1139252980;1;1492524713;|249323|480414
CrtriaOperType.cs;4058529196;1;1492524713;|249324|480415
CrtriaSet.cs;1061051321;1;1492524713;|249325|480416
CvrgPrpty.cs;4022180066;1;1492524713;|249326|480417
DrugAttrType.cs;1504029425;1;1492524713;|249328|480419
DrugCatg.cs;2482937418;1;1492524713;|249329|480420
DrugCatgCrtriaGrp.cs;2798272809;1;1492524713;|249330|480421
DrugCatgCvrgPrpty.cs;3391532445;1;1492524713;|249331|480422
DrugList.cs;808370281;1;1492524713;|249332|480423
DrugListAccessCtl.cs;1583255841;1;1492524713;|249333|480424
DrugListDtl.cs;3361330968;1;1492524713;|249334|480425
DrugListDtlCrtriaGrp.cs;2939975192;1;1492524713;|249335|480426
DrugListDtlDrugAttr.cs;1125177675;1;1492524713;|249336|480427
DrugThrputcClsType.cs;717770693;1;1492524713;|249339|480430
fnIntListToTable_Result.cs;3718789924;1;1492524713;|249369|480460
fnTextListPipeToTable_Result.cs;1607698535;1;1492524713;|249370|480461
fnTextListToTable_Result.cs;2645821023;1;1492524713;|249371|480462
Formulary.Context.tt;4132825479;1;1492524713;|249341|480432
Formulary.tt;2651837693;1;1492524713;|249346|480437
FormularyContextPartial.cs;3069118906;1;1492524713;|249347|480438
FrmlryAccessCtl.cs;2233528736;1;1492524714;|249349|480440
FrmlryConfgPrpty.cs;1818595550;1;1492524714;|249350|480441
FrmlryConfgPrptyType.cs;2617008965;1;1492524714;|249351|480442
FrmlryDrugList.cs;4181076040;1;1492524714;|249352|480443
FrmlryStat.cs;3237264451;1;1492524714;|249354|480445
FrmlryTier.cs;3781004487;1;1492524714;|249355|480446
Job.cs;1836264321;1;1492524714;|249356|480447
JobJobStatType.cs;30827837;1;1492524714;|249357|480448
JobStatType.cs;2266816271;1;1492524714;|249358|480449
JobType.cs;1240311815;1;1492524714;|249359|480450
LOB.cs;3603628077;1;1492524714;|249360|480451
sp_helpdiagramdefinition_Result.cs;365275987;1;1492524714;|249470|480561
sp_helpdiagrams_Result.cs;59546895;1;1492524714;|249471|480562
spCombineRules_Update_Result.cs;3143793091;1;1492524714;|249372|480463
spCoverageProperties_Get_Result.cs;3775660444;1;1492524714;|249373|480464
spCustomNDC_Delete_Result.cs;530287609;1;1492524714;|249374|480465
spCustomNDC_GetFormularies_Result.cs;1821436421;1;1492524714;|249375|480466
spCustomNDC_Update_Result.cs;3802861694;1;1492524714;|249376|480467
spDashboard_Get_Result.cs;257517571;1;1492524714;|249377|480468
spDrugCatg_CascadeDelete_Result.cs;4137305323;1;1492524714;|249380|480471
spDrugCatg_CascadeDeleteAll_Result.cs;4205182244;1;1492524714;|249379|480470
spDrugCatg_GetAll_Result.cs;292433478;1;1492524714;|249382|480473
spDrugCatg_GetAllPaged_Result.cs;843567883;1;1492524714;|249381|512322
spDrugCatgCrtriaGrp_Get_Result.cs;1849066074;1;1492524714;|249378|480469
spDrugList_FullTextSearch_Result.cs;3434484029;1;1492524714;|249391|513137
spDrugList_GetAccess_Result.cs;1724779383;1;1492524714;|249392|480483
spDrugList_GetAll_Result.cs;4054717587;1;1492524714;|249393|480484
spDrugList_GetFormularies_Result.cs;3784191415;1;1492524714;|249394|480485
spDrugList_GetHeader_Result.cs;1191383235;1;1492524714;|249395|480486
spDrugList_GetOwner_Result.cs;382591223;1;1492524714;|249396|480487
spDrugList_PutAccess_Result.cs;1367947478;1;1492524715;|249397|480488
spDrugList_PutHeader_Result.cs;3309425841;1;1492524715;|249398|480489
spDrugList_PutOwner_Result.cs;1208826358;1;1492524715;|249399|480490
spDrugListCopy_Put_Result.cs;2147122793;1;1492524715;|249383|480474
spDrugListDtl_CascadeDelete_Result.cs;2299410247;1;1492524715;|249385|480476
spDrugListDtl_DeleteAll_Result.cs;1878459954;1;1492524715;|278093|519878
spDrugListDtl_DeleteOne_Result.cs;3536411523;1;1492524715;|249386|480477
spDrugListDtl_GetAllPaged_Result.cs;3413861813;1;1492524715;|249387|480478
spDrugListDtlCrtriaGrp_Get_Result.cs;3067884893;1;1492524715;|249384|480475
spDrugListImport_Put_Result.cs;3596765542;1;1492524715;|249388|480479
spDrugListSearchFDBv2_Result.cs;1076482978;1;1492524715;|249389|518135
spDrugListSearchFDBv3_Result.cs;3380336402;1;1492524715;|278094|519879
spDrugSourceFileHistory_Get_Result.cs;2934018660;1;1492524715;|249401|480492
spETCHierarchy_Get_Result.cs;1755694667;1;1492524715;|249402|480493
spFmrlry_GetAprvlPrity_Result.cs;2276427873;1;1492524715;|249403|480494
spFormulariesForNDC_Get_Result.cs;3149243588;1;1492524715;|249404|480495
spFormulary_ExportNDC_A_Result.cs;1727003478;1;1492524715;|249418|480509
spFormulary_ExportNDC_B_Result.cs;702302730;1;1492524715;|249419|480510
spFormulary_ExportNDC_C_Result.cs;1361796334;1;1492524715;|249420|480511
spFormulary_ExportNDC_D_Result.cs;3123643286;1;1492524715;|249421|480512
spFormulary_ExportNDC_NewDrugs_Result.cs;1872376396;1;1492524715;|249422|480513
spFormulary_FullTextSearch_Result.cs;3103177847;1;1492524715;|249423|480514
spFormulary_GetAccess_Result.cs;27624232;1;1492524715;|249424|480515
spFormulary_GetDrugLists_Result.cs;2107759103;1;1492524716;|249426|480517
spFormulary_GetNotes_Result.cs;1522456082;1;1492524716;|249428|480519
spFormulary_GetOwner_Result.cs;1722857892;1;1492524716;|249429|480520
spFormulary_GetTierNames_Result.cs;486863447;1;1492524716;|249430|480521
spFormulary_PutAccess_Result.cs;1172421444;1;1492524716;|249431|480522
spFormulary_PutDrugLists_Result.cs;3182807557;1;1492524716;|249432|480523
spFormulary_PutHeader_Result.cs;2422662450;1;1492524716;|249433|480524
spFormulary_PutOwner_Result.cs;567469290;1;1492524716;|249434|480525
spFormulary_PutTierNames_Result.cs;395489856;1;1492524716;|249435|480526
spFormularyCompareFDB_Get_Result.cs;1830070548;1;1492524716;|249405|480496
spFormularyCopy_Put_Result.cs;3242697933;1;1492524716;|249406|480497
spFormularyHeader_Get_Result.cs;3006489519;1;1492524716;|249407|480498
spFormularyHeader_Put_Result.cs;3190936458;1;1492524716;|249409|480500
spFormularyHeader_PutTierNames_Result.cs;4090073339;1;1492524716;|249408|480499
spFormularyImport_Put_Result.cs;1291116072;1;1492524716;|249410|480501
spFormularyImport_PutOld_Result.cs;1898326465;1;1492524716;|278095|519880
spFormularyReview_AHFS_Result.cs;2637459747;1;1492524716;|249411|480502
spFormularyReview_ETC_Result.cs;525606896;1;1492524716;|249412|480503
spFormularyReview_Rules_Result.cs;3667462998;1;1492524716;|249414|480505
spFormularyReview_Tiers_Result.cs;3359934590;1;1492524716;|249415|480506
spFormularyRules_ConvertToMedId_Result.cs;238985291;1;1492524716;|249416|480507
spFormularyValidation_Result.cs;1017184291;1;1492524716;|249417|480508
spFrmlryApprove_Put_Result.cs;464969057;1;1492524716;|249436|480527
spFrmlryForNDC_GetAll_Result.cs;4168014622;1;1492524716;|249437|504395
spFrmlryReject_Put_Result.cs;646831198;1;1492524716;|249438|480529
spFrmlryReview_Rules_Result.cs;274600359;1;1492524716;|249439|480530
spFrmlryTier_GetAll_Result.cs;3519375562;1;1492524716;|249440|480531
spFullTextDrugSearch_FDB_Result.cs;2753396052;1;1492524716;|249445|480536
spFullTextDrugSearchExt_DrugList_ResultPartial.cs;2437815509;1;1492524716;|278107|520114
spFullTextDrugSearchExt_FDB_ResultPartial.cs;1418809482;1;1492524716;|249442|480533
spFullTextDrugSearchExt_Frmlry_ResultPartial.cs;4254274122;1;1492524716;|249444|480535
spGPIHierarchy_Get_Result.cs;964882985;1;1492524717;|249446|480537
spJob_GetMessages_Result.cs;2439990975;1;1492524717;|249448|480539
spMissingNDC_Delete_Result.cs;182364877;1;1492524717;|249451|480542
spMissingNDCGCN_Search_Result.cs;947036343;1;1492524717;|249449|480540
spNDCNotes_GetAll_Result.cs;3487063644;1;1492524717;|249453|480544
spNDCNotes_Put_Result.cs;2258650553;1;1492524717;|249454|480545
spNewDrugsToMarket_FullText_Result.cs;722902975;1;1492524717;|249455|518197
spNewDrugsToMarket_Get_Result.cs;2447598640;1;1492524717;|249456|524510
spReportCustomNDC_Export_Result.cs;1725422378;1;1492524717;|249457|480548
spReportFormulary_PA_Result.cs;3687007078;1;1492524717;|249464|480555
spReportFormulary_Result.cs;2548514973;1;1492524717;|249465|480556
spReportFormularyCompare_Header_Result.cs;2086076885;1;1492524717;|249459|480550
spReportFormularyExport_AtlasRule_Result.cs;2521109376;1;1492524717;|278031|516844
spReportFormularyExport_Result.cs;280982576;1;1492524717;|249461|480552
spReportFormularyExportNDC_Result.cs;316168241;1;1492524717;|249460|480551
spReportFormularyHeader_Result.cs;2408999209;1;1492524717;|249462|480553
spReportFormularyId_Result.cs;2315242320;1;1492524717;|249463|480554
spReportMissingNDC_Export_Result.cs;3442112012;1;1492524717;|249466|480557
spReportSections_Result.cs;3214952224;1;1492524717;|249467|480558
spRuleCombination_Result.cs;3558012521;1;1492524717;|249469|480560
StatType.cs;3160343728;1;1492524717;|249361|480452
sysdiagram.cs;2003594715;1;1492524717;|249472|480563
sysdiagrams.cs;4205584522;1;1492524717;|249473|480564
systranschemas.cs;4016697304;1;1492524717;|249474|480565
User.cs;107433653;1;1492524717;|249362|480453
UserGrp.cs;386916699;1;1492524717;|249363|480454
UserGrpType.cs;1104390550;1;1492524718;|249364|480455
UserRole.cs;2989713071;1;1492524718;|249365|480456
UserUserGrp.cs;733566275;1;1492524718;|249366|480457
UserUserRole.cs;3245873496;1;1492524718;|249367|480458
vwDrugCatgCvrgPrpty.cs;773921909;1;1492524718;|249475|480566
sp_helpdiagramdefinition1_Result.cs;2052505098;1;1493645941;|310489|570402
sp_helpdiagrams1_Result.cs;2069875889;1;1493645941;|310490|570403
spFDBClinicalData_Get_Result.cs;849061181;1;1493645941;|310492|570405
spFormularyCompareMS_Get_Result.cs;4118953834;1;1493645941;|310493|570406
spFormularyReview_GPI_Result.cs;4128743358;1;1493645942;|310495|570408
spFormularyRules_ConvertToGPI_Result.cs;3530218858;1;1493645942;|310496|570409
spReportFormularyMissingFDB_Result.cs;1710259617;1;1493645942;|310497|570410
spFullTextDrugSearchExt_FDB_P1_Result.cs;2195266005;1;1493662992;|310516|571364
spCvrgPrptyType_GetAll_Result.cs;1448873972;1;1493899571;|347935|608957
spReportMissingNDC_Export_Medispan_Result.cs;633482547;1;1493914363;|347945|609011
spMissingNDCMedispan_Search_Result.cs;2878581769;2;1494336268;|249450|609198
spNewDrugsToMarket_Medispan_Get_Result.cs;3388015577;1;1494336268;|347977|609218
spFileFormat_GetAll_Result.cs;4288095208;1;1494414967;|348004|609357
spFontSize_GetAll_Result.cs;2157469803;1;1494414967;|348005|609358
spFormulary_GetAll_Result.cs;1220936535;2;1494414967;|249425|609363
spLanguage_GetAll_Result.cs;3854771554;1;1494414967;|348006|609359
spReportMissingFDBDrugs_Export_Result.cs;1782216187;1;1494414967;|348007|609360
spJob_GetAll_Result.cs;2939839247;2;1494461166;|249447|609483
spSumRptCfgCvrgPrptyType_Get_Result.cs;2949970464;1;1494461166;|348011|609475
spSumRptCfgSctn_GetSelected_Result.cs;1581697101;1;1494461166;|348012|609476
spSumRptCfgSctn_GetUnselected_Result.cs;1023895138;1;1494461168;|348013|609477
spTierDispl_GetAll_Result.cs;2269360984;1;1494461168;|348014|609478
spFormulary_GetHeader_Result.cs;2014333639;3;1494688725;|249427|609722
spNewDrugsToMarket_FullTextMS_Result.cs;1710065094;2;1494688725;|347976|609741
spSumRptCfg_GetAll_Result.cs;2817292090;1;1494688725;|348093|609718
spFormularyReview_Get_Result.cs;1225821377;2;1494933613;|249413|609863
spFormularyReview_GetV2_Result.cs;3494034853;2;1494933613;|310494|609864
spSumRptOrgBy_GetAll_Result.cs;3234840465;1;1494933613;|348112|609860
spNDCChangeHistory_GetAll_Result.cs;557645740;2;1494948550;|249452|610044
spSumRptCfgTier_Get_Result.cs;2886219208;1;1494948550;|348116|610010
spFormularyExportRules_old_Result.cs;1029004664;1;1495193160;|348178|610228
spReportSumDrugListCfg_Result.cs;2911322336;1;1495193160;|348179|610229
spSumRptCfg_Post_Result.cs;3417106945;1;1495193160;|348188|610271
spSumRptCfg_Put_Result.cs;1166477545;1;1495193160;|348189|610272
spSumRptCfgSctn_Add_Result.cs;112669691;1;1495193161;|348193|610304
spSumRptCfgTier_Post_Result.cs;3122391348;1;1495193161;|348191|610297
spSumRptCfgTier_Put_Result.cs;1124185261;1;1495193161;|348192|610298
AprvlType.cs;3763748608;2;1495452055;|249319|610401
CrtriaGrp.cs;359120613;2;1495452055;|249321|610402
CvrgPrptyPgm.cs;2834100791;1;1495452055;|348200|610394
CvrgPrptyPgmDtlCrtriaGrp.cs;1196279932;1;1495452055;|348202|610396
CvrgPrptyPgmType.cs;2911853165;1;1495452055;|348203|610397
DrugRefDb.cs;3268409933;2;1495452055;|249337|610403
FrmlryNotes.cs;3029658174;2;1495452055;|249353|610408
spFormularyImport_PutV1_Result.cs;4139617175;1;1495452055;|348205|610399
spSumRptDrugSortBy_GetAll_Result.cs;146958404;1;1495452055;|348213|610518
spSumRptOrgBy_GetAll1_Result.cs;3753734623;1;1495452055;|348214|610519
spSumRptOTC_GetAll_Result.cs;928775116;1;1495452055;|348215|610520
spSumRptRollUp_GetAll_Result.cs;2434278668;1;1495452055;|348216|610521
spSumRptSctn_Get_Result.cs;2564099960;1;1495452055;|348217|610522
spSumRptSctn_Put_Result.cs;891835775;1;1495452055;|348218|610523
spFormularyReportSections_GetAll_Result.cs;4069782799;1;1496252021;|403694|666761
spReportSumDrugListCfgV1_Result.cs;4238441851;1;1496252021;|403695|666762
spMissingNDCFDB_Search_Result.cs;3410239803;1;1496252021;|403697|666795
spMissingNDCGPI_Search_Result.cs;3514499072;1;1496252021;|403698|666796
spDrugListSearchMedispan_Result.cs;3057696571;5;1496406709;|249390|666886
spDrugListSearchFDBv4_Result.cs;2230138314;2;1496664926;|310491|667173
spFullTextDrugSearchExt_FrmlryMS_Result.cs;3623033848;1;1494521525;|403872|667345
spFullTextDrugSearchExt_DrugListMS_Result.cs;1597315483;1;1496843708;|403871|667344
spFullTextDrugSearchExt_FrmlryMS_ResultPartial.cs;1545532434;1;1496843708;|403873|667346
spFullTextDrugSearchExt_MS_Result.cs;1421596816;1;1496843708;|403874|667347
spDrugListSearchFDBv5_Result.cs;3357692548;2;1496843708;|403692|667355
spDrugListSearchMedispanV2_Result.cs;2105760692;2;1496843708;|403693|667356
spFullTextDrugSearchExt_DrugList_Result.cs;159726464;4;1496843708;|278106|667357
spFullTextDrugSearchExt_DrugListMS_ResultPartial.cs;3906076009;4;1496843708;|347975|667358
spFullTextDrugSearchExt_FDB_Result.cs;4062289397;4;1496843708;|249441|667359
spFullTextDrugSearchExt_Frmlry_Result.cs;820280567;4;1496843708;|249443|667360
spFullTextDrugSearchExt_MS_ResultPartial.cs;1108866237;1;1496843708;|403875|667348
spReportTierLegend_Result.cs;2087673531;1;1496843708;|403876|667349
spReportUMLegend_Result.cs;4060564523;1;1496843708;|403877|667350
spDrugSearch_Export_Result.cs;1896332034;2;1496846136;|249400|667377
spReport_DrugSearchExport_Result.cs;1425853700;2;1496846136;|249468|667378
spReportDrugListExportNDC_Result.cs;33078271;2;1496846136;|249458|667379
CvrgPrptyType.cs;551742377;2;1497627026;|249327|668173
spSumRptCfgFrmlry_Put_Result.cs;674186443;1;1497888674;|403955|668320
DrugRefDbValQulfrType.cs;179242890;1;1497964947;|249338|480429
Formulary.cs;1557357056;1;1497964947;|249343|480434
Formulary.Designer.cs;736503447;6;1497964947;|249342|667352
ValQulfrType.cs;722783052;1;1497964947;|249368|480459
spCvrgPrptyPgm_GetAll_Result.cs;497481384;1;1498042878;|403993|668421
spCvrgPrptyPgm_GetFormularies_Result.cs;4074337269;1;1498042878;|403994|668422
spPAPgm_Put_Result.cs;4087180133;1;1498042878;|403996|668424
spStepThrpyPgm_Get_Result.cs;4240902470;1;1498042878;|403997|668425
spStepThrpyPgm_Put_Result.cs;114316490;1;1498042878;|403998|668426
spSumRptCfg_Get_Result.cs;3598029298;2;1498042890;|348107|668579
StepThrpyPgm.cs;3586989609;2;1498042890;|348206|668429
spCvrgPrptyPgm_Copy_Result.cs;4030549547;1;1498129890;|404024|668695
spCvrgPrptyPgm_Delete_Result.cs;2901341619;1;1498129890;|404025|668696
CvrgPrptyPgmDtl.cs;2941585627;2;1499709489;|348201|669594
Formulary.edmx.diagram;2455603218;4;1499709489;|249345|669597
Frmlry.cs;1313010810;4;1499709489;|249348|669598
PAPgm.cs;3453006097;3;1499709489;|348204|669599
spCvrgPrptyPgm_FullTextSearch_Result.cs;3729251479;1;1499709489;|404102|669593
spCvrgPrptyPgmCrtriaGrp_CascadeDelete_Result.cs;2272858214;1;1499709489;|404092|669522
spCvrgPrptyPgmCrtriaGrp_GetAll_Result.cs;1311819241;1;1499709489;|404093|669523
spDrugListSearchFDBv6_Result.cs;1363979468;1;1499709489;|404094|669524
spDrugListSearchMedispanV3_Result.cs;1352116784;1;1499709489;|404095|669525
spPAPgm_Get_Result.cs;1855201261;2;1499709489;|403995|669539
Formulary.Context.cs;3135579164;36;1499771175;|249340|669958
Formulary.edmx;1662352419;44;1499771175;|249344|669959
spCvrgPrptyPgmCopy_Put_Result.cs;239853090;1;1499771175;|404119|669956
spFormulary_GetAllWithPA_Result.cs;1906314935;1;1499771175;|404120|669957
