SCMBranch=Formulary Phase 2
SCMRepository=Atlas/.net Framework/src/Atlas.BenefitPlan.DAL/ViewModels
SCMMainlineUUID={5a1b102f-7970-442c-99a1-a301f2674cab}
SCMBranchRepositoryID=796724
AccountIndustryIdentifierVM.cs;1273142933;1;1492524707;|249138|480229
AccountVM.cs;572801584;1;1492524707;|249139|480230
AllowedPrescribersDetailVM.cs;2434800323;1;1492524707;|249140|480231
AllowedPrescribersVM.cs;2862046803;1;1492524707;|249141|480232
BaseViewModel.cs;1679438824;1;1492524707;|249142|480233
BenefitCoverageSetDetailsVM.cs;1174506396;1;1492524707;|249143|480234
BenefitDefinitionVM.cs;2682253494;1;1492524707;|249144|480235
BenefitDetailVM.cs;3703030596;1;1492524707;|278015|532696
BenefitPlanBenefitNetworkTierCoverageSetVM.cs;3394979106;1;1492524707;|249145|480236
BenefitPlanBenefitNetworkTierVM.cs;3176267584;1;1492524707;|249146|480237
BenefitPlanCostShareMaximumsVM.cs;2228280686;1;1492524707;|249147|530839
BenefitPlanPharmacyTypeDaySupplyVM.cs;924204209;1;1492524707;|249148|480239
BenefitPlanPharmacyTypeVM.cs;2066140928;1;1492524707;|249149|480240
BenefitPlanVM.cs;2491765236;1;1492524707;|249150|524235
BenefitPlanWaiverRiderVM.cs;272909703;1;1492524707;|249151|480242
BenefitServiceTypeVM.cs;3367068968;1;1492524707;|249152|480243
BenefitVM.cs;2846365256;1;1492524707;|249153|480244
BenefitWorkflowVM.cs;753895870;1;1492524707;|249154|480245
BusinessRulesUpdateVM.cs;3409937872;1;1492524707;|278104|534835
BusinessRulesVM.cs;1242493687;1;1492524707;|249155|524422
ContactCommunicationsVM.cs;1647041979;1;1492524707;|249156|480247
CopayConfigurationVM.cs;2942884251;1;1492524707;|249157|480248
CopayDistributionLICSVM.cs;2042084845;1;1492524707;|278141|521411
CopayDistributionVM.cs;3910785633;1;1492524707;|249158|508310
CopayExclusionVM.cs;2223317289;1;1492524707;|249159|480250
CopaySetupVM.cs;460115478;1;1492524707;|249160|513273
CoveragePhaseVM.cs;2380129137;1;1492524707;|249161|480252
CoverageSetConfigurationVM.cs;1306326487;1;1492524707;|249162|530280
CoverageSetVM.cs;553279081;1;1492524707;|249163|480254
CriteriaDetailVM.cs;2181668188;1;1492524707;|249164|521028
CriteriaSetVM.cs;219581394;1;1492524707;|249165|517043
DeductibleExceptionVM.cs;3006494460;1;1492524707;|249166|480257
DispenseAsWrittenCopayVM.cs;2024257510;1;1492524708;|249167|515332
EarlyRefillExceptionsVM.cs;2961379993;1;1492524708;|249168|515070
EntityAddressVM.cs;3396745899;1;1492524708;|249169|480260
EntityContactsVM.cs;1434543296;1;1492524708;|249170|480261
FillExceptionVM.cs;3614589144;1;1492524708;|249171|508901
GroupCopyContentsDetailVM.cs;3875743011;1;1492524708;|249172|480263
GroupCopyContentsVM.cs;4115030321;1;1492524708;|249173|480264
GroupVM.cs;3566382567;1;1492524708;|249174|480265
LowIncomeCostSharingSubsidyVM.cs;157402456;1;1492524708;|249175|531582
NetworkNetworkTierVM.cs;2767170433;1;1492524708;|249176|524773
PharmacyPricingDetailVM.cs;4251052020;1;1492524708;|249177|480268
PlanBenefitPackageBenefitPlanVM.cs;1414997408;1;1492524708;|249178|480269
PlanBenefitPackageVM.cs;1128105595;1;1492524708;|249179|509057
PlanCapLimitsVM.cs;3307486606;1;1492524708;|249180|515069
PopulationGroupBenefitConfigurationVM.cs;1267659181;1;1492524708;|249181|480272
PopulationGroupBenefitPlanVM.cs;1602677051;1;1492524708;|249182|516819
PopulationGroupBenefitWorkflowHistoryVM.cs;3189836805;1;1492524708;|249183|480274
PopulationGroupBenefitWorkflowUpdateVM.cs;1793265826;1;1492524708;|249184|480275
PopulationGroupBenefitWorkflowVM.cs;2338139138;1;1492524708;|249185|480276
PopulationGroupPlanBenefitPackageVM.cs;272568842;1;1492524708;|249186|480277
PopulationGroupVM.cs;3596811189;1;1492524708;|249187|480278
PrescriberDrugOverrideDetailVM.cs;754427170;1;1492524708;|249188|480279
PrescriberDrugOverrideVM.cs;3991984773;1;1492524708;|249189|480280
RuleSetVM.cs;722200175;1;1492524708;|249190|480281
SavingsAccountVM.cs;4252116606;1;1492524708;|249191|546547
ServiceAreaConfigurationVM.cs;4083330510;1;1492524708;|249192|480283
ServiceAreaGetVM.cs;267768146;1;1492524708;|249193|480284
ServiceAreaUpdateListVM.cs;3592241494;1;1492524708;|249194|480285
ServiceAreaUpdateVM.cs;679257074;1;1492524708;|249195|480286
ServiceAreaVM.cs;534743651;1;1492524708;|249196|480287
ServiceTypeVM.cs;484459660;1;1492524708;|249197|480288
StatusNoteVM.cs;2313964347;1;1492524709;|249198|480289
TenantFamilyVM.cs;327070806;1;1492524709;|249199|480290
TenantHierarchyVM.cs;1656253423;1;1492524709;|249200|480291
TenantIndustryIdentifierVM.cs;150329531;1;1492524709;|249201|480292
TenantVM.cs;2453513742;1;1492524709;|249202|480293
ThresholdVM.cs;1080590751;1;1492524709;|249203|511425
TransitionLICSConfigurationVM.cs;3098344147;1;1492524709;|249204|480295
TransitionRulesVM.cs;3904129078;1;1492524709;|249205|508503
