SCMBranch=Formulary Phase 2
SCMRepository=Atlas/.net Framework/FormularyWebApi/Scripts
SCMMainlineUUID={5a1b102f-7970-442c-99a1-a301f2674cab}
SCMBranchRepositoryID=796755
_references.js;4068893280;1;1492524689;|248582|479673
ai.0.15.0-build58334.js;2495283235;1;1492524689;|248583|479674
ai.0.15.0-build58334.min.js;1292023401;1;1492524689;|248584|479675
bootstrap.js;543245678;1;1492524689;|248585|479676
bootstrap.min.js;3546431313;1;1492524689;|248586|479677
jquery-1.10.2.intellisense.js;132140497;1;1492524689;|248587|479678
jquery-1.10.2.js;1568876385;1;1492524689;|248588|479679
jquery-1.10.2.min.js;2977777870;1;1492524689;|248589|479680
jquery-1.10.2.min.map;3058203718;1;1492524689;|248590|479681
jquery.validate-vsdoc.js;1667304399;1;1492524689;|248591|479682
jquery.validate.js;3978888712;1;1492524689;|248592|479683
jquery.validate.min.js;2470597307;1;1492524689;|248593|479684
jquery.validate.unobtrusive.js;612744585;1;1492524689;|248594|479685
jquery.validate.unobtrusive.min.js;1070371502;1;1492524689;|248595|479686
modernizr-2.6.2.js;252225471;1;1492524689;|248596|479687
respond.js;1606517462;1;1492524689;|248597|479688
respond.min.js;3920031122;1;1492524689;|248598|479689
