SCMBranch=Formulary Phase 2
SCMRepository=Atlas/.net Framework/BenefitPlanCompare/BenefitPlanCompare/Scripts
SCMMainlineUUID={5a1b102f-7970-442c-99a1-a301f2674cab}
SCMBranchRepositoryID=796863
_references.js;1009851736;1;1492524448;|281011|534677
bootstrap.js;1240533180;1;1492524448;|281031|534709
bootstrap.min.js;1952254137;1;1492524448;|281032|534710
jquery-1.10.2.intellisense.js;132140497;1;1492524448;|281012|534678
jquery-1.10.2.js;1512026786;1;1492524448;|281013|534679
jquery-1.10.2.min.js;3985148730;1;1492524448;|281014|534680
jquery-1.10.2.min.map;3058203718;1;1492524448;|281015|534681
jquery.validate-vsdoc.js;4266321957;1;1492524448;|281016|534682
jquery.validate.js;661307958;1;1492524448;|281017|534683
jquery.validate.min.js;4283634168;1;1492524448;|281018|534684
jquery.validate.unobtrusive.js;612744585;1;1492524448;|281019|534685
jquery.validate.unobtrusive.min.js;1070371502;1;1492524448;|281020|534686
modernizr-2.6.2.js;3373835297;1;1492524448;|281021|534687
respond.js;2936437386;1;1492524448;|281022|534688
respond.min.js;1345534294;1;1492524448;|281023|534689
