SCMBranch=Formulary Phase 2
SCMRepository=Atlas/.net Framework/src/Atlas.BenefitPlan.DAL/Repositories
SCMMainlineUUID={5a1b102f-7970-442c-99a1-a301f2674cab}
SCMBranchRepositoryID=796728
AccountAddressRepository.cs;1136441398;1;1492524698;|248866|479957
AccountPayerIdRepository.cs;2241713332;1;1492524698;|248868|479959
AccountPCNRepository.cs;1619344665;1;1492524698;|248867|479958
AccountRepository.cs;2250075492;1;1492524698;|248870|479961
AccountRXBINRepository.cs;3023474115;1;1492524698;|248869|479960
AddressRepository.cs;4158111924;1;1492524698;|248871|479962
AllowedPrescribersDetailRepository.cs;2554176678;1;1492524699;|248872|479963
AllowedPrescribersListRepository.cs;1338717170;1;1492524699;|248873|479964
AtlasBenefitPlanStoredProcsRepository.cs;872960098;1;1492524699;|248874|530894
BenefitCriteriaSetRepository.cs;1910449446;1;1492524699;|248875|479966
BenefitPlanBenefitCoverageSetNetworkTierRepository.cs;3234209259;1;1492524699;|248876|479967
BenefitPlanBenefitRepository.cs;1957503334;1;1492524699;|248877|479968
BenefitPlanConfigurationPropertyRepository.cs;2429099847;1;1492524699;|248878|479969
BenefitPlanPharmacyTypeDaySupplyRepository.cs;3849833419;1;1492524699;|248879|479970
BenefitPlanPharmacyTypeRepository.cs;940061773;1;1492524699;|248880|479971
BenefitPlanRepository.cs;3133091616;1;1492524699;|248881|479972
BenefitPlanSizeClassificationTypeRepository.cs;3372217150;1;1492524699;|248882|479973
BenefitPlanTypeRepository.cs;639289960;1;1492524699;|248883|479974
BenefitPlanWaiverRiderRepository.cs;782728205;1;1492524699;|248884|479975
BenefitRepository.cs;2131904016;1;1492524699;|248885|479976
BenefitServiceTypeRepository.cs;1922335164;1;1492524699;|248886|479977
BenefitStatusRepository.cs;330431492;1;1492524699;|248887|479978
CMSBenefitStructureTypeRepository.cs;3715873641;1;1492524699;|248888|479979
CommunicationUsageTypeRepository.cs;565787056;1;1492524699;|248889|479980
ConfigurationPropertyOptionRepository.cs;3042013007;1;1492524699;|248890|479981
ConfigurationPropertyTypeRepository.cs;825193648;1;1492524699;|248891|479982
ContactAccountRepository.cs;3575729013;1;1492524699;|248892|479983
ContactElectronicAddressRepository.cs;4056277423;1;1492524699;|248893|479984
ContactGroupRepository.cs;198310428;1;1492524699;|248894|479985
ContactPopulationGroupRepository.cs;2932127941;1;1492524699;|248895|479986
ContactPostalAddressRepository.cs;2247009851;1;1492524699;|248896|479987
ContactRepository.cs;1809773123;1;1492524699;|248897|479988
ContactResponsibilityTypeRepository.cs;3416186855;1;1492524699;|248898|479989
ContactTelephoneNumberRepository.cs;437357223;1;1492524699;|248899|479990
ContactTenantFamilyRepository.cs;2193972738;1;1492524699;|248900|479991
ContactTenantRepository.cs;727861646;1;1492524699;|248901|479992
ContactTypeRepository.cs;1531821966;1;1492524699;|248902|479993
CopayCoinsuranceLogicTypeRepository.cs;3350004086;1;1492524700;|248903|479994
CopayDistributionRepository.cs;725113240;1;1492524700;|248904|479995
CopayFunctionTypeRepository.cs;3991514961;1;1492524700;|248905|479996
CopayOverrideQualifierTypeRepository.cs;377578462;1;1492524700;|248906|479997
CopayOverrideRepository.cs;3032592198;1;1492524700;|248907|479998
CopaySetupRepository.cs;1997004588;1;1492524700;|248908|479999
CostBasisTypeRepository.cs;1561895181;1;1492524700;|248909|480000
CountyPostalCodeRepository.cs;1498634559;1;1492524700;|248910|480001
CoveragePhaseRepository.cs;2313262841;1;1492524700;|248911|480002
CoveragePhaseTypeRepository.cs;2367524412;1;1492524700;|248912|480003
CoverageSetCriteriaSetRepository.cs;3275177468;1;1492524700;|248913|480004
CoverageSetRepository.cs;1408772776;1;1492524700;|248914|480005
CoverageSetThresholdRepository.cs;41366412;1;1492524700;|248915|480006
CriteriaConditionTypeRepository.cs;3249560465;1;1492524700;|248916|480007
CriteriaDetailRepository.cs;3879624409;1;1492524700;|248917|480008
CriteriaOperatorTypeRepository.cs;505423461;1;1492524700;|248918|480009
CriteriaSetRepository.cs;624217916;1;1492524700;|248919|480010
CriteriaSetTypeRepository.cs;1646945201;1;1492524700;|248920|480011
DaySupplyTypeRepository.cs;2374043978;1;1492524700;|248921|480012
DeductibleEpisodeRepository.cs;1647601539;1;1492524700;|278058|518345
DeductibleExclusionQualifierTypeRepository.cs;254103964;1;1492524700;|248922|480013
DeductibleExclusionRepository.cs;3783619191;1;1492524700;|248923|480014
DeductibleRepository.cs;2650179781;1;1492524700;|248924|480015
DeductibleScopeTypeRepository.cs;3018131573;1;1492524700;|248925|480016
DeductibleTypeRepository.cs;3384543142;1;1492524700;|248926|480017
DispenseAsWrittenCopayRepository.cs;1833261481;1;1492524700;|248927|480018
DispenseAsWrittenTypeRepository.cs;1295597267;1;1492524700;|248928|480019
DrugBrandTypeRepository.cs;3920911436;1;1492524700;|248929|480020
DrugClassTypeRepository.cs;3391912210;1;1492524700;|248930|480021
DrugReferenceDatabaseRepository.cs;3880523570;1;1492524700;|248931|480022
EarlyRefillExcptionQulfierTypeRepository.cs;102776359;1;1492524700;|248932|480023
EarlyRefillExcptionRepository.cs;4159693943;1;1492524701;|248933|480024
FillExceptionChangeQualifierTypeRepository.cs;3716160732;1;1492524701;|248935|480026
FillExceptionRepository.cs;2478228093;1;1492524701;|248936|480027
FIPSCountyCodeRepository.cs;4180284769;1;1492524701;|248934|480025
FormularyRepository.cs;3432218514;1;1492524701;|248937|480028
FormularyTierRepository.cs;2296728457;1;1492524701;|248938|480029
FrequencyQualifierTypeRepository.cs;3454188806;1;1492524701;|248939|480030
GroupAddressRepository.cs;1351073748;1;1492524701;|248940|480031
GroupRepository.cs;1918843235;1;1492524701;|248941|480032
HealthCareFinancialAccountTypeRepository.cs;3791553790;1;1492524701;|248942|480033
ICMSBenefitStructureTypeRepository.cs;3508080118;1;1492524701;|248943|480034
ISOCountryCodeRepository.cs;3124255601;1;1492524701;|248944|480035
LineOfBusinessRepository.cs;3303879313;1;1492524701;|248945|480036
LowIncomeCostSharingSubsidySetupRepository.cs;73471092;1;1492524701;|248946|480037
LowIncomeCostSharingSubsidyTypeRepository.cs;2518715830;1;1492524701;|248947|480038
MACListRepository.cs;572126903;1;1492524701;|248948|480039
NetworkBenefitPlanTypeRepository.cs;2215094936;1;1492524701;|248949|480040
NetworkNetworkTierRepository.cs;2886693975;1;1492524701;|248950|480041
NetworkRepository.cs;3221480403;1;1492524701;|248951|480042
NetworkTierRepository.cs;1114890650;1;1492524701;|248952|480043
NetworkTierTypeRepository.cs;406908491;1;1492524701;|248953|480044
PayerIdRepository.cs;4012250188;1;1492524701;|248955|480046
PaymentProfileDetailRepository.cs;1870173077;1;1492524701;|248956|480047
PaymentProfileRepository.cs;4256817082;1;1492524701;|248957|480048
PCNRepository.cs;1054648551;1;1492524701;|248954|480045
PharmacyTypeRepository.cs;2372134820;1;1492524701;|248958|480049
PlanBenefitPackageBenefitPlanConfigurationPropertyRepository.cs;3530989457;1;1492524701;|248959|480050
PlanBenefitPackageBenefitPlanRepository.cs;2927117175;1;1492524701;|248960|480051
PlanBenefitPackageConfigurationPropertyRepository.cs;2217029263;1;1492524701;|248961|480052
PlanBenefitPackageRepository.cs;1229216783;1;1492524701;|248962|480053
PlanCapLimitPeriodQualifierTypeRepository.cs;1201794635;1;1492524701;|248963|480054
PlanCapLimitQualifierTypeRepository.cs;907345094;1;1492524702;|248964|480055
PlanCapLimitRepository.cs;3969190184;1;1492524702;|248965|480056
PlanClassificationTypeRepository.cs;1159875794;1;1492524702;|248966|480057
PlanPricingRepository.cs;183550185;1;1492524702;|248967|480058
PopGroupPlanBenefitPackageHealthCareFinancialAccountRepository.cs;693399385;1;1492524702;|248968|480059
PopulationGroupAddressRepository.cs;1696194256;1;1492524702;|248969|480060
PopulationGroupBenefitPlanRepository.cs;4145473400;1;1492524702;|248970|480061
PopulationGroupPlanBenefitPackageRepository.cs;3311487075;1;1492524702;|248971|480062
PopulationGroupPlanBenefitPackageStatusRepository.cs;3406059954;1;1492524702;|248972|480063
PopulationGroupPlanBenefitPlanStatusCurrentRepository.cs;583169405;1;1492524702;|248973|513774
PopulationGroupRepository.cs;202239957;1;1492524702;|248974|480065
PostalCodeRepository.cs;4081401437;1;1492524702;|248975|480066
PrescriberDrugOverrideDetailRepository.cs;3643218106;1;1492524702;|248976|480067
PrescriberDrugOverrideListRepository.cs;697687266;1;1492524702;|248977|480068
PrescriberRepository.cs;933135220;1;1492524702;|248978|480069
ProductTypeRepository.cs;4102621408;1;1492524702;|248979|480070
RXBINRepository.cs;2624197587;1;1492524702;|248980|480071
RxPricingTypeRepository.cs;3710554302;1;1492524702;|248981|480072
ServiceAreaCountryRepository.cs;3639863754;1;1492524702;|248982|480073
ServiceAreaCountyRepository.cs;3415938919;1;1492524702;|248983|480074
ServiceAreaPostalCodeRepository.cs;22631217;1;1492524702;|248984|480075
ServiceAreaRepository.cs;3977639640;1;1492524702;|248985|480076
ServiceAreaStateProvinceRepository.cs;3522055310;1;1492524702;|248986|480077
ServiceTypeRepository.cs;504808949;1;1492524702;|248987|480078
StateProvinceCodeRepository.cs;2789237586;1;1492524702;|248988|480079
StatusNoteRepository.cs;1179229125;1;1492524702;|248989|480080
StatusTypeRepository.cs;2502221230;1;1492524702;|248990|480081
TenantAddressRepository.cs;3374774693;1;1492524702;|248991|480082
TenantFamilyAddressRepository.cs;3478596097;1;1492524702;|248992|480083
TenantFamilyRepository.cs;4249020724;1;1492524702;|248993|480084
TenantPayerIdRepository.cs;4092023463;1;1492524702;|248995|480086
TenantPCNRepository.cs;917799423;1;1492524703;|248994|480085
TenantRepository.cs;3269543262;1;1492524703;|248997|480088
TenantRXBINRepository.cs;3121603238;1;1492524703;|248996|480087
ThresholdQualifierTypeRepository..cs;2989707604;1;1492524703;|248998|480089
ThresholdRepository.cs;3914175975;1;1492524703;|248999|480090
ValueQualifierTypeRepository.cs;828382034;1;1492524703;|249000|480091
WaiverRiderTypeRepository.cs;3473673791;1;1492524703;|249001|480092
