SCMBranch=Formulary Phase 2
SCMRepository=Atlas/.net Framework/DocumentationHelper
SCMMainlineUUID={5a1b102f-7970-442c-99a1-a301f2674cab}
SCMBranchRepositoryID=796799
App.config;3094616111;1;1492524674;|278147|531706
ApplicationInsights.config;2681655415;1;1492524674;|280517|528352
Atlas.Configuration.dll;4109280146;1;1492524674;|280518|528353
Atlas.Configuration.pdb;523247276;1;1492524674;|280519|528354
Atlas.Core.DAL.dll;3310605276;1;1492524674;|280520|528355
Atlas.Core.DAL.pdb;2209788627;1;1492524674;|280521|528356
Atlas.Core.WebApi.dll;4113625741;1;1492524674;|280522|528357
Atlas.Core.WebApi.pdb;125339315;1;1492524675;|280523|528358
Atlas.Formulary.BLL.dll;18851425;1;1492524675;|280524|528359
Atlas.Formulary.BLL.pdb;2590349401;1;1492524675;|280525|528360
Atlas.Formulary.DAL.dll;457026826;1;1492524675;|280526|528361
Atlas.Formulary.DAL.pdb;451322865;1;1492524675;|280527|528362
Atlas.Formulary.DAL.xml;3389832123;1;1492524675;|280528|528363
Atlas.Reference.DAL.dll;1120570822;1;1492524676;|280529|528364
Atlas.Reference.DAL.pdb;1431951965;1;1492524676;|280530|528365
AtlasWebApi.dll;4112233157;1;1492524676;|280531|528366
AtlasWebApi.pdb;3581174308;1;1492524676;|280532|528367
DocumentationHelper.csproj;3586015026;1;1492524676;|278148|531717
DocumentationHelper.csproj.user;2390046548;1;1492524676;|280533|528369
DocumentationHelper.exe;3629629583;1;1492524676;|280534|528370
DocumentationHelper.exe.config;1842594818;1;1492524676;|280535|528371
DocumentationHelper.pdb;4111111748;1;1492524676;|280536|528372
DocumentationHelper.vshost.exe.config;1842594818;1;1492524676;|280537|528373
DocumentationHelper.vshost.exe.manifest;644594118;1;1492524676;|280538|528374
EntityFramework.dll;2298133387;1;1492524676;|280539|528375
EntityFramework.xml;3692624249;1;1492524677;|280540|528376
EntityFrameworkExtras.EF6.dll;3894516143;1;1492524677;|280541|528377
EntityFrameworkExtras.EF6.pdb;3436338403;1;1492524677;|280542|528378
Microsoft.AspNet.Identity.Core.dll;150574573;1;1492524677;|280543|528379
Microsoft.AspNet.Identity.Core.xml;83534243;1;1492524677;|280544|528380
Microsoft.AspNet.Identity.EntityFramework.dll;61487216;1;1492524677;|280545|528381
Microsoft.AspNet.Identity.EntityFramework.xml;1581038596;1;1492524677;|280546|528382
Microsoft.AspNet.Identity.Owin.dll;2710394867;1;1492524677;|280547|528383
Microsoft.AspNet.Identity.Owin.xml;1943574926;1;1492524677;|280548|528384
Microsoft.Owin.dll;1854974036;1;1492524677;|280555|528391
Microsoft.Owin.Security.Cookies.dll;3261744595;1;1492524677;|280549|528385
Microsoft.Owin.Security.Cookies.xml;3372789924;1;1492524677;|280550|528386
Microsoft.Owin.Security.dll;2127197613;1;1492524677;|280553|528389
Microsoft.Owin.Security.OAuth.dll;127930100;1;1492524677;|280551|528387
Microsoft.Owin.Security.OAuth.xml;2538937358;1;1492524677;|280552|528388
Microsoft.Owin.Security.xml;1397102005;1;1492524677;|280554|528390
Microsoft.Owin.xml;1130736988;1;1492524677;|280556|528392
Microsoft.Practices.Unity.dll;1550787797;1;1492524678;|280559|528395
Microsoft.Practices.Unity.Interception.dll;2622960194;1;1492524678;|280557|528393
Microsoft.Practices.Unity.Interception.xml;700660611;1;1492524678;|280558|528394
Microsoft.Practices.Unity.xml;1504443571;1;1492524678;|280560|528396
Microsoft.Web.Infrastructure.dll;920521745;1;1492524678;|280561|528397
Newtonsoft.Json.dll;3659665100;1;1492524678;|280565|528401
Newtonsoft.Json.xml;3763015575;1;1492524679;|280566|528402
NLog.config;2509120028;1;1492524679;|280562|528398
NLog.dll;261864897;1;1492524679;|280563|528399
NLog.xml;2970275938;1;1492524679;|280564|528400
Owin.dll;3803389284;1;1492524679;|280567|528403
Program.cs;1195294115;1;1492524679;|278149|532998
System.Net.Http.Formatting.dll;1138472478;1;1492524679;|280568|528405
System.Net.Http.Formatting.xml;3628901930;1;1492524679;|280569|528406
System.Web.Cors.dll;3876920488;1;1492524679;|280570|528407
System.Web.Http.Cors.dll;543123913;1;1492524679;|280571|528408
System.Web.Http.Cors.xml;2497812261;1;1492524679;|280572|528409
System.Web.Http.dll;1600843254;1;1492524679;|280577|528414
System.Web.Http.Owin.dll;4108333924;1;1492524679;|280573|528410
System.Web.Http.Owin.xml;2980163991;1;1492524679;|280574|528411
System.Web.Http.WebHost.dll;2692275439;1;1492524679;|280575|528412
System.Web.Http.WebHost.xml;1070863281;1;1492524679;|280576|528413
System.Web.Http.xml;688402493;1;1492524679;|280578|528415
System.Web.Mvc.dll;3894677273;1;1492524679;|280579|528416
System.Web.Mvc.xml;2679479523;1;1492524679;|280580|528417
System.Web.Optimization.dll;3853144697;1;1492524679;|280581|528418
System.Web.Optimization.xml;1346086156;1;1492524679;|280582|528419
System.Web.Razor.dll;2858273941;1;1492524679;|280583|528420
System.Web.Razor.xml;3562975358;1;1492524679;|280584|528421
System.Web.WebPages.Deployment.dll;1834328700;1;1492524680;|280585|528422
System.Web.WebPages.Deployment.xml;749499275;1;1492524680;|280586|528423
System.Web.WebPages.dll;122446726;1;1492524680;|280589|528426
System.Web.WebPages.Razor.dll;854790862;1;1492524680;|280587|528424
System.Web.WebPages.Razor.xml;797858538;1;1492524680;|280588|528425
System.Web.WebPages.xml;3779829812;1;1492524680;|280590|528427
Unity.WebApi.dll;1270142008;1;1492524680;|280591|528428
